% (Hf),% (Ti),% (Zr),kappa_lattice
1e-08,1e-08,99.99999998,8.749999989578027
1e-08,1.00000000989999,98.99999998010001,8.52510305028732
1e-08,2.00000000979998,97.99999998020002,8.321854025263134
1e-08,3.0000000096999697,96.99999998030003,8.13697671906498
1e-08,4.00000000959996,95.99999998040003,7.967869455448128
1e-08,5.000000009499949,94.99999998050005,7.812434080044589
1e-08,6.0000000093999395,93.99999998060007,7.668955619152257
1e-08,7.00000000929993,92.99999998070007,7.536015651625751
1e-08,8.000000009199919,91.99999998080008,7.41242870063828
1e-08,9.000000009099908,90.99999998090009,7.297194702241945
1e-08,10.000000008999898,89.9999999810001,7.189462928440233
1e-08,11.000000008899889,88.9999999811001,7.088504218389969
1e-08,12.000000008799878,87.99999998120012,6.99368933300162
1e-08,13.00000000869987,86.99999998130014,6.904471888561845
1e-08,14.00000000859986,85.99999998140014,6.820374759849892
1e-08,15.00000000849985,84.99999998150015,6.740979143806671
1e-08,16.00000000839984,83.99999998160015,6.665915685984718
1e-08,17.00000000829983,82.99999998170017,6.594857222571254
1e-08,18.00000000819982,81.99999998180019,6.527512799597621
1e-08,19.00000000809981,80.99999998190019,6.46362271059148
1e-08,20.000000007999798,79.9999999820002,6.402954352895706
1e-08,21.00000000789979,78.9999999821002,6.345298747009055
1e-08,22.00000000779978,77.99999998220022,6.290467596663338
1e-08,23.000000007699768,76.99999998230024,6.238290792805009
1e-08,24.00000000759976,75.99999998240024,6.188614284240043
1e-08,25.000000007499747,74.99999998250026,6.141298252903353
1e-08,26.000000007399738,73.99999998260026,6.096215543601953
1e-08,27.00000000729973,72.99999998270027,6.053250307444624
1e-08,28.00000000719972,71.99999998280028,6.012296825596443
1e-08,29.000000007099707,70.99999998290029,5.973258485923489
1e-08,30.0000000069997,69.9999999830003,5.936046889852827
1e-08,31.000000006899686,68.99999998310031,5.900581070617496
1e-08,32.00000000679968,67.99999998320033,5.86678680717906
1e-08,33.00000000669967,66.99999998330033,5.834596020670135
1e-08,34.000000006599656,65.99999998340034,5.8039462422920245
1e-08,35.00000000649965,64.99999998350035,5.774780143328528
1e-08,36.00000000639964,63.99999998360036,5.74704511936712
1e-08,37.00000000629963,62.99999998370037,5.720692922009259
1e-08,38.00000000619962,61.99999998380038,5.695679332347288
1e-08,39.000000006099604,60.999999983900395,5.671963871321648
1e-08,40.000000005999595,59.999999984000404,5.649509542777915
1e-08,41.00000000589959,58.99999998410041,5.628282605641405
1e-08,42.00000000579958,57.99999998420042,5.608252372136543
1e-08,43.00000000569957,56.99999998430043,5.589391029414386
1e-08,44.00000000559956,55.99999998440044,5.571673482326806
1e-08,45.000000005499544,54.999999984500455,5.5550772154106705
1e-08,46.000000005399535,53.999999984600464,5.539582172428094
1e-08,47.000000005299526,52.99999998470047,5.525170652056849
1e-08,48.00000000519952,51.99999998480048,5.511827218544361
1e-08,49.00000000509951,50.99999998490049,5.499538626334394
1e-08,50.00000000499949,49.99999998500051,5.488293757851912
1e-08,51.00000000489948,48.999999985100516,5.478083573792681
1e-08,52.000000004799475,47.999999985200525,5.468901075413099
1e-08,53.000000004699466,46.99999998530053,5.4607412784555835
1e-08,54.00000000459946,45.99999998540054,5.45360119847845
1e-08,55.00000000449945,44.99999998550055,5.44747984748901
1e-08,56.00000000439944,43.99999998560056,5.442378241907212
1e-08,57.00000000429942,42.999999985700576,5.438299422016961
1e-08,58.000000004199414,41.999999985800585,5.4352484831957755
1e-08,59.000000004099405,40.999999985900594,5.4332326193533635
1e-08,60.000000003999396,39.9999999860006,5.432261179158789
1e-08,61.00000000389939,38.99999998610061,5.432345735797331
1e-08,62.00000000379937,37.99999998620063,5.43350017117548
1e-08,63.00000000369936,36.99999998630064,5.435740775689561
1e-08,64.00000000359935,35.99999998640065,5.439086364895297
1e-08,65.00000000349935,34.999999986500654,5.443558414667291
1e-08,66.00000000339934,33.99999998660067,5.449181216725773
1e-08,67.00000000329932,32.999999986700686,5.45598205674068
1e-08,68.00000000319932,31.999999986800688,5.463991417609777
1e-08,69.0000000030993,30.999999986900704,5.47324321095943
1e-08,70.0000000029993,29.999999987000706,5.48377504044804
1e-08,71.00000000289928,28.999999987100722,5.495628501080224
1e-08,72.00000000279927,27.999999987200738,5.508849519485893
1e-08,73.00000000269927,26.99999998730074,5.523488741009331
1e-08,74.00000000259925,25.999999987400756,5.539601970522023
1e-08,75.00000000249925,24.999999987500757,5.557250675161596
1e-08,76.00000000239923,23.999999987600773,5.576502558760383
1e-08,77.00000000229923,22.999999987700775,5.597432219628237
1e-08,78.00000000219922,21.99999998780079,5.6201219056812235
1e-08,79.0000000020992,20.999999987900807,5.64466238377168
1e-08,80.0000000019992,19.99999998800081,5.67115394361917
1e-08,81.00000000189918,18.999999988100825,5.699707561153769
1e-08,82.00000000179918,17.999999988200827,5.7304462516087895
1e-08,83.00000000169916,16.999999988300843,5.763506649665954
1e-08,84.00000000159915,15.999999988400859,5.799040862797391
1e-08,85.00000000149915,14.99999998850086,5.837218655252105
1e-08,86.00000000139913,13.999999988600877,5.878230034696403
1e-08,87.00000000129913,12.999999988700878,5.922288332431448
1e-08,88.00000000119911,11.999999988800894,5.9696338928913
1e-08,89.0000000010991,10.99999998890091,6.020538520895178
1e-08,90.0000000009991,9.999999989000912,6.075310878897999
1e-08,91.00000000089908,8.999999989100928,6.134303085576055
1e-08,92.00000000079908,7.99999998920093,6.19791884779013
1e-08,93.00000000069907,6.999999989300932,6.2666235695758505
1e-08,94.00000000059904,5.999999989400962,6.340957038257593
1e-08,95.00000000049904,4.999999989500964,6.421549510340007
1e-08,96.00000000039903,3.9999999896009797,6.509142341581751
1e-08,97.00000000029902,2.9999999897009815,6.6046147791132155
1e-08,98.00000000019902,1.9999999898009833,6.709019243886161
1e-08,99.00000000009899,0.9999999899010135,6.823628521068429
1.00000000989999,1e-08,98.99999998010001,8.001963807075231
1.00000000989999,1.00000000989999,97.99999998020002,7.829446133214246
1.00000000989999,2.00000000979998,96.99999998030003,7.670990676369382
1.00000000989999,3.0000000096999697,95.99999998040003,7.524799840695986
1.00000000989999,4.00000000959996,94.99999998050005,7.389391510822923
1.00000000989999,5.000000009499949,93.99999998060007,7.263530392561068
1.00000000989999,6.0000000093999395,92.99999998070007,7.1461769440453775
1.00000000989999,7.00000000929993,91.99999998080008,7.036448774283713
1.00000000989999,8.000000009199919,90.99999998090009,6.933591042010584
1.00000000989999,9.000000009099908,89.9999999810001,6.836953459921731
1.00000000989999,10.000000008999898,88.99999998110012,6.745972219282973
1.00000000989999,11.000000008899889,87.99999998120012,6.660155629523579
1.00000000989999,12.000000008799878,86.99999998130014,6.579072597411829
1.00000000989999,13.00000000869987,85.99999998140014,6.502343301245188
1.00000000989999,14.00000000859986,84.99999998150015,6.429631579427521
1.00000000989999,15.00000000849985,83.99999998160015,6.36063867086639
1.00000000989999,16.00000000839984,82.99999998170017,6.2950980307393385
1.00000000989999,17.00000000829983,81.99999998180019,6.232771008740017
1.00000000989999,18.00000000819982,80.99999998190019,6.173443224346917
1.00000000989999,19.00000000809981,79.9999999820002,6.116921509415113
1.00000000989999,20.000000007999798,78.9999999821002,6.063031315605117
1.00000000989999,21.00000000789979,77.99999998220022,6.011614505058984
1.00000000989999,22.00000000779978,76.99999998230024,5.962527458912423
1.00000000989999,23.000000007699768,75.99999998240024,5.915639450856037
1.00000000989999,24.00000000759976,74.99999998250026,5.870831242882268
1.00000000989999,25.000000007499747,73.99999998260026,5.827993868209012
1.00000000989999,26.000000007399738,72.99999998270027,5.787027572628435
1.00000000989999,27.00000000729973,71.99999998280029,5.7478408905455955
1.00000000989999,28.00000000719972,70.99999998290029,5.710349836016244
1.00000000989999,29.000000007099707,69.99999998300031,5.674477192372548
1.00000000989999,30.0000000069997,68.99999998310031,5.640151886698736
1.00000000989999,31.000000006899686,67.99999998320033,5.607308437608601
1.00000000989999,32.00000000679968,66.99999998330033,5.5758864665795675
1.00000000989999,33.00000000669967,65.99999998340033,5.545830264588974
1.00000000989999,34.000000006599656,64.99999998350035,5.517088407036686
1.00000000989999,35.00000000649965,63.99999998360036,5.489613410971372
1.00000000989999,36.00000000639964,62.99999998370037,5.463361429503328
1.00000000989999,37.00000000629963,61.99999998380038,5.438291979014684
1.00000000989999,38.00000000619962,60.99999998390039,5.414367695392659
1.00000000989999,39.000000006099604,59.999999984000404,5.391554116032569
1.00000000989999,40.000000005999595,58.99999998410041,5.369819484800791
1.00000000989999,41.00000000589959,57.99999998420042,5.349134577526837
1.00000000989999,42.00000000579958,56.99999998430043,5.329472545918483
1.00000000989999,43.00000000569957,55.99999998440044,5.310808778073853
1.00000000989999,44.00000000559956,54.99999998450045,5.293120774006314
1.00000000989999,45.000000005499544,53.999999984600464,5.276388034808235
1.00000000989999,46.000000005399535,52.99999998470047,5.2605919642632095
1.00000000989999,47.000000005299526,51.99999998480048,5.245715781877342
1.00000000989999,48.00000000519952,50.99999998490049,5.231744446442329
1.00000000989999,49.00000000509951,49.9999999850005,5.218664589369345
1.00000000989999,50.00000000499949,48.999999985100516,5.206464457145727
1.00000000989999,51.00000000489948,47.999999985200525,5.195133862368487
1.00000000989999,52.000000004799475,46.99999998530053,5.184664142901544
1.00000000989999,53.000000004699466,45.99999998540054,5.175048128789148
1.00000000989999,54.00000000459946,44.99999998550055,5.16628011663773
1.00000000989999,55.00000000449945,43.99999998560056,5.158355851253647
1.00000000989999,56.00000000439944,42.99999998570057,5.151272514396469
1.00000000989999,57.00000000429942,41.999999985800585,5.145028720577622
1.00000000989999,58.000000004199414,40.999999985900594,5.139624519903588
1.00000000989999,59.000000004099405,39.9999999860006,5.135061408032606
1.00000000989999,60.000000003999396,38.99999998610061,5.1313423433851195
1.00000000989999,61.00000000389939,37.99999998620062,5.128471771822176
1.00000000989999,62.00000000379937,36.99999998630064,5.126455659084072
1.00000000989999,63.00000000369936,35.99999998640065,5.125301531364928
1.00000000989999,64.00000000359935,34.999999986500654,5.125018524489293
1.00000000989999,65.00000000349935,33.999999986600656,5.125617442255966
1.00000000989999,66.00000000339934,32.99999998670067,5.127110824623996
1.00000000989999,67.00000000329932,31.999999986800688,5.129513026538492
1.00000000989999,68.00000000319932,30.99999998690069,5.132840308332276
1.00000000989999,69.0000000030993,29.999999987000706,5.1371109387964085
1.00000000989999,70.0000000029993,28.999999987100708,5.142345312192236
1.00000000989999,71.00000000289928,27.999999987200724,5.148566080683943
1.00000000989999,72.00000000279927,26.99999998730074,5.155798303909236
1.00000000989999,73.00000000269927,25.99999998740074,5.164069617682903
1.00000000989999,74.00000000259925,24.999999987500757,5.1734104241514425
1.00000000989999,75.00000000249925,23.99999998760076,5.183854106096154
1.00000000989999,76.00000000239923,22.999999987700775,5.195437268528494
1.00000000989999,77.00000000229923,21.999999987800777,5.208200011249333
1.00000000989999,78.00000000219922,20.999999987900793,5.222186236670523
1.00000000989999,79.0000000020992,19.99999998800081,5.237443997944479
1.00000000989999,80.0000000019992,18.99999998810081,5.254025893342494
1.00000000989999,81.00000000189918,17.999999988200827,5.271989513898978
1.00000000989999,82.00000000179918,16.99999998830083,5.291397952639612
1.00000000989999,83.00000000169916,15.999999988400845,5.3123203852903815
1.00000000989999,84.00000000159915,14.99999998850086,5.334832734290751
1.00000000989999,85.00000000149915,13.999999988600862,5.359018430295921
1.00000000989999,86.00000000139913,12.999999988700878,5.384969288264072
1.00000000989999,87.00000000129913,11.99999998880088,5.412786518832511
1.00000000989999,88.00000000119911,10.999999988900896,5.442581900184765
1.00000000989999,89.0000000010991,9.999999989000912,5.474479141253098
1.00000000989999,90.0000000009991,8.999999989100914,5.508615474224954
1.00000000989999,91.00000000089908,7.99999998920093,5.545143523378573
1.00000000989999,92.00000000079908,6.999999989300932,5.584233508871049
1.00000000989999,93.00000000069907,5.9999999894009335,5.626075859069991
1.00000000989999,94.00000000059904,4.999999989500964,5.670884324497106
1.00000000989999,95.00000000049904,3.9999999896009655,5.718899712020917
1.00000000989999,96.00000000039903,2.9999999897009815,5.770394391819909
1.00000000989999,97.00000000029902,1.9999999898009833,5.825677774996907
1.00000000989999,98.00000000019902,0.999999989900985,5.885103021110935
2.00000000979998,1e-08,97.99999998020002,7.455033131710614
2.00000000979998,1.00000000989999,96.99999998030003,7.313948687202157
2.00000000979998,2.00000000979998,95.99999998040003,7.1830109000791005
2.00000000979998,3.0000000096999697,94.99999998050005,7.061078298509667
2.00000000979998,4.00000000959996,93.99999998060007,6.947186774427166
2.00000000979998,5.000000009499949,92.99999998070007,6.8405152573580725
2.00000000979998,6.0000000093999395,91.99999998080008,6.740359247114412
2.00000000979998,7.00000000929993,90.99999998090009,6.646110150636856
2.00000000979998,8.000000009199919,89.9999999810001,6.557238967080438
2.00000000979998,9.000000009099908,88.99999998110012,6.473283272946559
2.00000000979998,10.000000008999898,87.99999998120012,6.393836741567717
2.00000000979998,11.000000008899889,86.99999998130014,6.318540630145327
2.00000000979998,12.000000008799878,85.99999998140014,6.24707680963057
2.00000000979998,13.00000000869987,84.99999998150015,6.179162015618362
2.00000000979998,14.00000000859986,83.99999998160015,6.114543073842314
2.00000000979998,15.00000000849985,82.99999998170017,6.052992909781589
2.00000000979998,16.00000000839984,81.99999998180019,5.994307193800601
2.00000000979998,17.00000000829983,80.99999998190019,5.938301504963173
2.00000000979998,18.00000000819982,79.9999999820002,5.8848089208937395
2.00000000979998,19.00000000809981,78.9999999821002,5.833677959728168
2.00000000979998,20.000000007999798,77.99999998220022,5.784770814698832
2.00000000979998,21.00000000789979,76.99999998230024,5.737961833249161
2.00000000979998,22.00000000779978,75.99999998240024,5.693136201520274
2.00000000979998,23.000000007699768,74.99999998250026,5.650188802153336
2.00000000979998,24.00000000759976,73.99999998260026,5.609023219022767
2.00000000979998,25.000000007499747,72.99999998270027,5.569550867072534
2.00000000979998,26.000000007399738,71.99999998280029,5.531690229110578
2.00000000979998,27.00000000729973,70.99999998290029,5.49536618440859
2.00000000979998,28.00000000719972,69.9999999830003,5.460509416398327
2.00000000979998,29.000000007099707,68.99999998310031,5.427055888761334
2.00000000979998,30.0000000069997,67.99999998320033,5.394946380862898
2.00000000979998,31.000000006899686,66.99999998330034,5.364126074851079
2.00000000979998,32.00000000679968,65.99999998340033,5.334544187881227
2.00000000979998,33.00000000669967,64.99999998350035,5.3061536438783525
2.00000000979998,34.000000006599656,63.99999998360036,5.278910780048042
2.00000000979998,35.00000000649965,62.99999998370037,5.252775084018621
2.00000000979998,36.00000000639964,61.99999998380038,5.22770895806516
2.00000000979998,37.00000000629963,60.99999998390039,5.2036775073474155
2.00000000979998,38.00000000619962,59.9999999840004,5.180648349503633
2.00000000979998,39.000000006099604,58.99999998410041,5.15859144329203
2.00000000979998,40.000000005999595,57.99999998420042,5.1374789342716225
2.00000000979998,41.00000000589959,56.99999998430043,5.117285015771889
2.00000000979998,42.00000000579958,55.99999998440044,5.097985803623052
2.00000000979998,43.00000000569957,54.99999998450045,5.079559223311398
2.00000000979998,44.00000000559956,53.99999998460046,5.061984908391198
2.00000000979998,45.000000005499544,52.99999998470047,5.045244109130655
2.00000000979998,46.000000005399535,51.99999998480048,5.029319610496985
2.00000000979998,47.000000005299526,50.99999998490049,5.014195658697875
2.00000000979998,48.00000000519952,49.9999999850005,4.999857895595645
2.00000000979998,49.00000000509951,48.99999998510051,4.986293300398364
2.00000000979998,50.00000000499949,47.999999985200525,4.973490138110496
2.00000000979998,51.00000000489948,46.99999998530053,4.961437914296092
2.00000000979998,52.000000004799475,45.99999998540054,4.950127335771062
2.00000000979998,53.000000004699466,44.99999998550055,4.939550276898994
2.00000000979998,54.00000000459946,43.99999998560056,4.929699751218126
2.00000000979998,55.00000000449945,42.99999998570057,4.92056988817638
2.00000000979998,56.00000000439944,41.99999998580058,4.912155914797582
2.00000000979998,57.00000000429942,40.999999985900594,4.904454142145792
2.00000000979998,58.000000004199414,39.9999999860006,4.897461956496754
2.00000000979998,59.000000004099405,38.99999998610061,4.89117781516645
2.00000000979998,60.000000003999396,37.99999998620062,4.885601246987182
2.00000000979998,61.00000000389939,36.99999998630063,4.880732857462176
2.00000000979998,62.00000000379937,35.99999998640065,4.876574338670834
2.00000000979998,63.00000000369936,34.999999986500654,4.8731284840393245
2.00000000979998,64.00000000359935,33.99999998660067,4.870399208135595
2.00000000979998,65.00000000349935,32.99999998670067,4.86839157169489
2.00000000979998,66.00000000339934,31.999999986800688,4.867111812132347
2.00000000979998,67.00000000329932,30.999999986900704,4.866567379853816
2.00000000979998,68.00000000319932,29.999999987000706,4.866766980735878
2.00000000979998,69.0000000030993,28.999999987100722,4.867720625212039
2.00000000979998,70.0000000029993,27.999999987200724,4.869439684475508
2.00000000979998,71.00000000289928,26.99999998730074,4.8719369543913915
2.00000000979998,72.00000000279927,25.999999987400756,4.87522672780392
2.00000000979998,73.00000000269927,24.999999987500757,4.879324876029712
2.00000000979998,74.00000000259925,23.999999987600773,4.884248940448214
2.00000000979998,75.00000000249925,22.999999987700775,4.890018235238004
2.00000000979998,76.00000000239923,21.99999998780079,4.896653962466057
2.00000000979998,77.00000000229923,20.999999987900793,4.904179340919982
2.00000000979998,78.00000000219922,19.99999998800081,4.912619750285476
2.00000000979998,79.0000000020992,18.999999988100825,4.922002892518451
2.00000000979998,80.0000000019992,17.999999988200827,4.932358972550128
2.00000000979998,81.00000000189918,16.999999988300843,4.943720900802377
2.00000000979998,82.00000000179918,15.999999988400845,4.956124520389763
2.00000000979998,83.00000000169916,14.99999998850086,4.969608862356585
2.00000000979998,84.00000000159915,13.999999988600877,4.984216432857113
2.00000000979998,85.00000000149915,12.999999988700878,4.999993536854239
2.00000000979998,86.00000000139913,11.999999988800894,5.016990643709557
2.00000000979998,87.00000000129913,10.999999988900896,5.035262800996065
2.00000000979998,88.00000000119911,9.999999989000912,5.05487010402062
2.00000000979998,89.0000000010991,8.999999989100928,5.075878229943741
2.00000000979998,90.0000000009991,7.99999998920093,5.098359047089518
2.00000000979998,91.00000000089908,6.999999989300946,5.122391312124168
2.00000000979998,92.00000000079908,5.999999989400948,5.148061470346784
2.00000000979998,93.00000000069907,4.9999999895009495,5.175464577506942
2.00000000979998,94.00000000059904,3.9999999896009797,5.20470536550654
2.00000000979998,95.00000000049904,2.9999999897009815,5.235899479274878
2.00000000979998,96.00000000039903,1.9999999898009975,5.269174918313519
2.00000000979998,97.00000000029902,0.9999999899009993,5.304673724273399
3.0000000096999697,1e-08,96.99999998030003,7.031708710402085
3.0000000096999697,1.00000000989999,95.99999998040003,6.911456808876148
3.0000000096999697,2.00000000979998,94.99999998050005,6.799036959130637
3.0000000096999697,3.0000000096999697,93.99999998060007,6.693652760888318
3.0000000096999697,4.00000000959996,92.99999998070007,6.594620137188199
3.0000000096999697,5.000000009499949,91.99999998080008,6.501347543642766
3.0000000096999697,6.0000000093999395,90.99999998090009,6.413320317088497
3.0000000096999697,7.00000000929993,89.9999999810001,6.330088171680261
3.0000000096999697,8.000000009199919,88.9999999811001,6.251255116277385
3.0000000096999697,9.000000009099908,87.99999998120012,6.17647125454494
3.0000000096999697,10.000000008999898,86.99999998130014,6.10542606348789
3.0000000096999697,11.000000008899889,85.99999998140014,6.037842843564651
3.0000000096999697,12.000000008799878,84.99999998150015,5.973474105079103
3.0000000096999697,13.00000000869987,83.99999998160015,5.912097708696384
3.0000000096999697,14.00000000859986,82.99999998170017,5.853513617819356
3.0000000096999697,15.00000000849985,81.99999998180019,5.797541150799277
3.0000000096999697,16.00000000839984,80.99999998190019,5.744016644082807
3.0000000096999697,17.00000000829983,79.9999999820002,5.692791455240555
3.0000000096999697,18.00000000819982,78.9999999821002,5.6437302486984064
3.0000000096999697,19.00000000809981,77.99999998220022,5.596709517865361
3.0000000096999697,20.000000007999798,76.99999998230024,5.551616305931161
3.0000000096999697,21.00000000789979,75.99999998240024,5.508347094422405
3.0000000096999697,22.00000000779978,74.99999998250024,5.466806834054342
3.0000000096999697,23.000000007699768,73.99999998260026,5.426908096797164
3.0000000096999697,24.00000000759976,72.99999998270027,5.3885703316192854
3.0000000096999697,25.000000007499747,71.99999998280029,5.351719209251633
3.0000000096999697,26.000000007399738,70.99999998290029,5.316286043671876
3.0000000096999697,27.00000000729973,69.9999999830003,5.282207279941634
3.0000000096999697,28.00000000719972,68.99999998310031,5.2494240396254535
3.0000000096999697,29.000000007099707,67.99999998320033,5.217881716342789
3.0000000096999697,30.0000000069997,66.99999998330034,5.187529615104928
3.0000000096999697,31.000000006899686,65.99999998340034,5.158320630008489
3.0000000096999697,32.00000000679968,64.99999998350035,5.130210955628747
3.0000000096999697,33.00000000669967,63.99999998360036,5.103159828105719
3.0000000096999697,34.000000006599656,62.99999998370038,5.077129292465002
3.0000000096999697,35.00000000649965,61.999999983800386,5.052083993180984
3.0000000096999697,36.00000000639964,60.999999983900395,5.027990985386254
3.0000000096999697,37.00000000629963,59.999999984000404,5.004819564469204
3.0000000096999697,38.00000000619962,58.99999998410041,4.98254111209153
3.0000000096999697,39.000000006099604,57.99999998420043,4.961128956906124
3.0000000096999697,40.000000005999595,56.99999998430044,4.940558248470316
3.0000000096999697,41.00000000589959,55.999999984400446,4.920805843034714
3.0000000096999697,42.00000000579958,54.999999984500455,4.9018502000485595
3.0000000096999697,43.00000000569957,53.999999984600464,4.883671288362292
3.0000000096999697,44.00000000559956,52.99999998470047,4.866250501229784
3.0000000096999697,45.000000005499544,51.99999998480049,4.8495705793194315
3.0000000096999697,46.000000005399535,50.9999999849005,4.833615541036811
3.0000000096999697,47.000000005299526,49.99999998500051,4.818370619544085
3.0000000096999697,48.00000000519952,48.999999985100516,4.803822205934254
3.0000000096999697,49.00000000509951,47.999999985200525,4.789957798082967
3.0000000096999697,50.00000000499949,46.99999998530054,4.77676595475827
3.0000000096999697,51.00000000489948,45.99999998540055,4.764236254620273
3.0000000096999697,52.000000004799475,44.99999998550056,4.752359259789118
3.0000000096999697,53.000000004699466,43.99999998560057,4.741126483701662
3.0000000096999697,54.00000000459946,42.999999985700576,4.730530363015518
3.0000000096999697,55.00000000449945,41.999999985800585,4.720564233354194
3.0000000096999697,56.00000000439944,40.999999985900594,4.711222308719505
3.0000000096999697,57.00000000429942,39.99999998600061,4.7024996644276165
3.0000000096999697,58.000000004199414,38.99999998610062,4.694392223453585
3.0000000096999697,59.000000004099405,37.99999998620063,4.686896746096355
3.0000000096999697,60.000000003999396,36.99999998630064,4.680010822902148
3.0000000096999697,61.00000000389939,35.99999998640064,4.6737328708096815
3.0000000096999697,62.00000000379937,34.999999986500654,4.668062132505587
3.0000000096999697,63.00000000369936,33.99999998660067,4.662998679003494
3.0000000096999697,64.00000000359935,32.99999998670067,4.65854341548554
3.0000000096999697,65.00000000349935,31.999999986800674,4.654698090471055
3.0000000096999697,66.00000000339934,30.99999998690069,4.651465308404144
3.0000000096999697,67.00000000329932,29.999999987000706,4.648848545780237
3.0000000096999697,68.00000000319932,28.999999987100708,4.646852170961779
3.0000000096999697,69.0000000030993,27.999999987200724,4.645481467865578
3.0000000096999697,70.0000000029993,26.999999987300725,4.644742663739331
3.0000000096999697,71.00000000289928,25.99999998740074,4.644642961283142
3.0000000096999697,72.00000000279927,24.999999987500757,4.645190575413965
3.0000000096999697,73.00000000269927,23.99999998760076,4.646394775017671
3.0000000096999697,74.00000000259925,22.999999987700775,4.648265930085511
3.0000000096999697,75.00000000249925,21.999999987800777,4.6508155646902445
3.0000000096999697,76.00000000239923,20.999999987900793,4.654056416323112
3.0000000096999697,77.00000000229923,19.999999988000795,4.658002502187483
3.0000000096999697,78.00000000219922,18.99999998810081,4.662669193129901
3.0000000096999697,79.0000000020992,17.999999988200827,4.668073295986217
3.0000000096999697,80.0000000019992,16.99999998830083,4.6742331452316295
3.0000000096999697,81.00000000189918,15.999999988400845,4.681168704951211
3.0000000096999697,82.00000000179918,14.999999988500846,4.688901682295112
3.0000000096999697,83.00000000169916,13.999999988600862,4.697455653753373
3.0000000096999697,84.00000000159915,12.999999988700878,4.706856205783894
3.0000000096999697,85.00000000149915,11.99999998880088,4.717131091558502
3.0000000096999697,86.00000000139913,10.999999988900896,4.728310405862822
3.0000000096999697,87.00000000129913,9.999999989000898,4.740426780503429
3.0000000096999697,88.00000000119911,8.999999989100914,4.753515602950088
3.0000000096999697,89.0000000010991,7.99999998920093,4.767615261383285
3.0000000096999697,90.0000000009991,6.999999989300932,4.782767419842135
3.0000000096999697,91.00000000089908,5.999999989400948,4.799017327792755
3.0000000096999697,92.00000000079908,4.9999999895009495,4.816414169184381
3.0000000096999697,93.00000000069907,3.9999999896009513,4.835011456957368
3.0000000096999697,94.00000000059904,2.9999999897009815,4.854867480048272
3.0000000096999697,95.00000000049904,1.9999999898009833,4.8760458112461205
3.0000000096999697,96.00000000039903,0.9999999899009993,4.898615885845921
4.00000000959996,1e-08,95.99999998040003,6.691304423818343
4.00000000959996,1.00000000989999,94.99999998050005,6.5858053742161315
4.00000000959996,2.00000000979998,93.99999998060007,6.486641353296548
4.00000000959996,3.0000000096999697,92.99999998070007,6.393219102697148
4.00000000959996,4.00000000959996,91.99999998080008,6.305022655446478
4.00000000959996,5.000000009499949,90.99999998090009,6.221600729250793
4.00000000959996,6.0000000093999395,89.9999999810001,6.142556567031115
4.00000000959996,7.00000000929993,88.9999999811001,6.0675396790792036
4.00000000959996,8.000000009199919,87.99999998120012,5.99623907755375
4.00000000959996,9.000000009099908,86.99999998130014,5.928377692882528
4.00000000959996,10.000000008999898,85.99999998140014,5.863707734174827
4.00000000959996,11.000000008899889,84.99999998150015,5.802006809590361
4.00000000959996,12.000000008799878,83.99999998160015,5.743074662998258
4.00000000959996,13.00000000869987,82.99999998170017,5.686730413854021
4.00000000959996,14.00000000859986,81.99999998180019,5.6328102106108675
4.00000000959996,15.00000000849985,80.99999998190019,5.581165226015956
4.00000000959996,16.00000000839984,79.99999998200019,5.531659936659368
4.00000000959996,17.00000000829983,78.9999999821002,5.484170640121723
4.00000000959996,18.00000000819982,77.99999998220022,5.438584171724875
4.00000000959996,19.00000000809981,76.99999998230024,5.394796789765765
4.00000000959996,20.000000007999798,75.99999998240024,5.352713203607365
4.00000000959996,21.00000000789979,74.99999998250024,5.312245723417242
4.00000000959996,22.00000000779978,73.99999998260026,5.2733135139148
4.00000000959996,23.000000007699768,72.99999998270027,5.2358419373904885
4.00000000959996,24.00000000759976,71.99999998280029,5.199761973631229
4.00000000959996,25.000000007499747,70.99999998290029,5.165009706332983
4.00000000959996,26.000000007399738,69.9999999830003,5.131525867186813
4.00000000959996,27.00000000729973,68.99999998310031,5.0992554301549315
4.00000000959996,28.00000000719972,67.99999998320033,5.068147249559791
4.00000000959996,29.000000007099707,66.99999998330034,5.038153736533716
4.00000000959996,30.0000000069997,65.99999998340034,5.009230569151656
4.00000000959996,31.000000006899686,64.99999998350035,4.981336432222236
4.00000000959996,32.00000000679968,63.99999998360036,4.954432783263372
4.00000000959996,33.00000000669967,62.99999998370037,4.928483641655982
4.00000000959996,34.000000006599656,61.999999983800386,4.903455398366604
4.00000000959996,35.00000000649965,60.999999983900395,4.879316643968806
4.00000000959996,36.00000000639964,59.999999984000404,4.85603801298335
4.00000000959996,37.00000000629963,58.99999998410041,4.833592042806188
4.00000000959996,38.00000000619962,57.99999998420042,4.811953045707725
4.00000000959996,39.000000006099604,56.99999998430044,4.791096992572052
4.00000000959996,40.000000005999595,55.999999984400446,4.771001407204966
4.00000000959996,41.00000000589959,54.999999984500455,4.751645270178937
4.00000000959996,42.00000000579958,53.999999984600464,4.733008931304262
4.00000000959996,43.00000000569957,52.99999998470047,4.715074029921437
4.00000000959996,44.00000000559956,51.99999998480048,4.697823422302337
4.00000000959996,45.000000005499544,50.9999999849005,4.681241115529134
4.00000000959996,46.000000005399535,49.99999998500051,4.6653122072913416
4.00000000959996,47.000000005299526,48.999999985100516,4.65002283110457
4.00000000959996,48.00000000519952,47.999999985200525,4.635360106510475
4.00000000959996,49.00000000509951,46.99999998530053,4.621312093867062
4.00000000959996,50.00000000499949,45.99999998540055,4.607867753382786
4.00000000959996,51.00000000489948,44.99999998550056,4.595016908087429
4.00000000959996,52.000000004799475,43.99999998560057,4.5827502104683955
4.00000000959996,53.000000004699466,42.999999985700576,4.571059112533042
4.00000000959996,54.00000000459946,41.999999985800585,4.559935839086783
4.00000000959996,55.00000000449945,40.999999985900594,4.549373364043189
4.00000000959996,56.00000000439944,39.9999999860006,4.53936538960652
4.00000000959996,57.00000000429942,38.99999998610062,4.5299063281895835
4.00000000959996,58.000000004199414,37.99999998620063,4.520991286950579
4.00000000959996,59.000000004099405,36.99999998630064,4.51261605485201
4.00000000959996,60.000000003999396,35.99999998640064,4.504777092163283
4.00000000959996,61.00000000389939,34.999999986500654,4.497471522346065
4.00000000959996,62.00000000379937,33.99999998660067,4.490697126278404
4.00000000959996,63.00000000369936,32.99999998670067,4.484452338790193
4.00000000959996,64.00000000359935,31.999999986800688,4.478736247498729
4.00000000959996,65.00000000349935,30.99999998690069,4.473548593949345
4.00000000959996,66.00000000339934,29.999999987000706,4.468889777082484
4.00000000959996,67.00000000329932,28.999999987100722,4.464760859065252
4.00000000959996,68.00000000319932,27.999999987200724,4.461163573542714
4.00000000959996,69.0000000030993,26.99999998730074,4.458100336382239
4.00000000959996,70.0000000029993,25.99999998740074,4.455574259003149
4.00000000959996,71.00000000289928,24.999999987500757,4.453589164404138
4.00000000959996,72.00000000279927,23.999999987600773,4.4521496060227035
4.00000000959996,73.00000000269927,22.999999987700775,4.451260889584305
4.00000000959996,74.00000000259925,21.99999998780079,4.450929098124677
4.00000000959996,75.00000000249925,20.999999987900793,4.451161120396936
4.00000000959996,76.00000000239923,19.99999998800081,4.451964682906292
4.00000000959996,77.00000000229923,18.99999998810081,4.453348385849811
4.00000000959996,78.00000000219922,17.999999988200827,4.455321743277356
4.00000000959996,79.0000000020992,16.999999988300843,4.457895227833253
4.00000000959996,80.0000000019992,15.999999988400845,4.461080320487047
4.00000000959996,81.00000000189918,14.99999998850086,4.464889565716963
4.00000000959996,82.00000000179918,13.999999988600862,4.469336632672447
4.00000000959996,83.00000000169916,12.999999988700878,4.474436382913353
4.00000000959996,84.00000000159915,11.999999988800894,4.480204945405049
4.00000000959996,85.00000000149915,10.999999988900896,4.486659799541919
4.00000000959996,86.00000000139913,9.999999989000912,4.493819867079152
4.00000000959996,87.00000000129913,8.999999989100914,4.501705613976378
4.00000000959996,88.00000000119911,7.99999998920093,4.510339163299751
4.00000000959996,89.0000000010991,6.999999989300946,4.519744420494964
4.00000000959996,90.0000000009991,5.999999989400948,4.529947212536597
4.00000000959996,91.00000000089908,4.999999989500964,4.54097544268442
4.00000000959996,92.00000000079908,3.9999999896009655,4.552859262840792
4.00000000959996,93.00000000069907,2.9999999897009673,4.565631265812883
4.00000000959996,94.00000000059904,1.9999999898009975,4.579326700148137
4.00000000959996,95.00000000049904,0.9999999899009993,4.593983710642739
5.000000009499949,1e-08,94.99999998050005,6.40997284540091
5.000000009499949,1.00000000989999,93.99999998060007,6.315427608695746
5.000000009499949,2.00000000979998,92.99999998070007,6.226185267739347
5.000000009499949,3.0000000096999697,91.99999998080008,6.14178212959931
5.000000009499949,4.00000000959996,90.99999998090009,6.061811032450734
5.000000009499949,5.000000009499949,89.9999999810001,5.985912703226958
5.000000009499949,6.0000000093999395,88.9999999811001,5.913768690874769
5.000000009499949,7.00000000929993,87.99999998120012,5.845095544665437
5.000000009499949,8.000000009199919,86.99999998130014,5.779639984884511
5.000000009499949,9.000000009099908,85.99999998140014,5.71717487086452
5.000000009499949,10.000000008999898,84.99999998150015,5.657495814452024
5.000000009499949,11.000000008899889,83.99999998160015,5.600418319591944
5.000000009499949,12.000000008799878,82.99999998170017,5.5457753535720355
5.000000009499949,13.00000000869987,81.99999998180019,5.493415274598758
5.000000009499949,14.00000000859986,80.99999998190019,5.443200055214631
5.000000009499949,15.00000000849985,79.9999999820002,5.395003752666605
5.000000009499949,16.00000000839984,78.9999999821002,5.348711186468189
5.000000009499949,17.00000000829983,77.99999998220022,5.30421679063812
5.000000009499949,18.00000000819982,76.99999998230024,5.26142361387459
5.000000009499949,19.00000000809981,75.99999998240024,5.22024244556074
5.000000009499949,20.000000007999798,74.99999998250026,5.1805910492401335
5.000000009499949,21.00000000789979,73.99999998260026,5.142393488239332
5.000000009499949,22.00000000779978,72.99999998270027,5.105579530593813
5.000000009499949,23.000000007699768,71.99999998280029,5.0700841224662145
5.000000009499949,24.00000000759976,70.99999998290029,5.035846920920507
5.000000009499949,25.000000007499747,69.99999998300031,5.002811878301554
5.000000009499949,26.000000007399738,68.99999998310031,4.970926871621083
5.000000009499949,27.00000000729973,67.99999998320033,4.940143371312203
5.000000009499949,28.00000000719972,66.99999998330033,4.91041614451962
5.000000009499949,29.000000007099707,65.99999998340034,4.881702988769718
5.000000009499949,30.0000000069997,64.99999998350035,4.853964492435925
5.000000009499949,31.000000006899686,63.99999998360036,4.827163818898614
5.000000009499949,32.00000000679968,62.99999998370037,4.801266511709822
5.000000009499949,33.00000000669967,61.99999998380038,4.776240318423463
5.000000009499949,34.000000006599656,60.999999983900395,4.752055031051234
5.000000009499949,35.00000000649965,59.999999984000404,4.728682341361351
5.000000009499949,36.00000000639964,58.99999998410041,4.706095709458199
5.000000009499949,37.00000000629963,57.99999998420042,4.684270244271497
5.000000009499949,38.00000000619962,56.99999998430043,4.663182594748407
5.000000009499949,39.000000006099604,55.999999984400446,4.642810850684909
5.000000009499949,40.000000005999595,54.999999984500455,4.623134452256951
5.000000009499949,41.00000000589959,53.999999984600464,4.604134107420212
5.000000009499949,42.00000000579958,52.99999998470047,4.5857917164418565
5.000000009499949,43.00000000569957,51.99999998480048,4.56809030291062
5.000000009499949,44.00000000559956,50.99999998490049,4.551013950644188
5.000000009499949,45.000000005499544,49.99999998500051,4.5345477459770525
5.000000009499949,46.000000005399535,48.999999985100516,4.518677724968416
5.000000009499949,47.000000005299526,47.999999985200525,4.503390825119817
5.000000009499949,48.00000000519952,46.99999998530053,4.488674841236466
5.000000009499949,49.00000000509951,45.99999998540054,4.474518385105746
5.000000009499949,50.00000000499949,44.99999998550056,4.460910848701555
5.000000009499949,51.00000000489948,43.99999998560057,4.4478423706546035
5.000000009499949,52.000000004799475,42.999999985700576,4.435303805757082
5.000000009499949,53.000000004699466,41.999999985800585,4.423286697295546
5.000000009499949,54.00000000459946,40.999999985900594,4.41178325202886
5.000000009499949,55.00000000449945,39.9999999860006,4.400786317648935
5.000000009499949,56.00000000439944,38.99999998610061,4.3902893625810355
5.000000009499949,57.00000000429942,37.99999998620063,4.380286457997831
5.000000009499949,58.000000004199414,36.99999998630064,4.37077226193752
5.000000009499949,59.000000004099405,35.99999998640064,4.361742005431153
5.000000009499949,60.000000003999396,34.999999986500654,4.353191480558249
5.000000009499949,61.00000000389939,33.99999998660067,4.3451170303628555
5.000000009499949,62.00000000379937,32.999999986700686,4.337515540574567
5.000000009499949,63.00000000369936,31.999999986800688,4.330384433090882
5.000000009499949,64.00000000359935,30.99999998690069,4.323721661188687
5.000000009499949,65.00000000349935,29.999999987000706,4.31752570644384
5.000000009499949,66.00000000339934,28.999999987100722,4.3117955773487235
5.000000009499949,67.00000000329932,27.999999987200738,4.306530809628627
5.000000009499949,68.00000000319932,26.999999987300725,4.301731468268783
5.000000009499949,69.0000000030993,25.99999998740074,4.29739815127505
5.000000009499949,70.0000000029993,24.999999987500757,4.2935319952027085
5.000000009499949,71.00000000289928,23.999999987600773,4.290134682499814
5.000000009499949,72.00000000279927,22.99999998770079,4.287208450723997
5.000000009499949,73.00000000269927,21.999999987800777,4.284756103704843
