% (Hf),% (Ti),% (Zr),Sigma_e0
1e-08,1e-08,99.99999998,110569.38857837066
1e-08,1.00000000989999,98.99999998010001,108919.41563758436
1e-08,2.00000000979998,97.99999998020002,107343.30631573494
1e-08,3.0000000096999697,96.99999998030003,105836.81787814424
1e-08,4.00000000959996,95.99999998040003,104396.03770459523
1e-08,5.000000009499949,94.99999998050005,103017.35212320338
1e-08,6.0000000093999395,93.99999998060007,101697.41872000656
1e-08,7.00000000929993,92.99999998070007,100433.14168070733
1e-08,8.000000009199919,91.99999998080008,99221.64978455666
1e-08,9.000000009099908,90.99999998090009,98060.27672385688
1e-08,10.000000008999898,89.9999999810001,96946.54346772935
1e-08,11.000000008899889,88.9999999811001,95878.14242705064
1e-08,12.000000008799878,87.99999998120012,94852.92320996549
1e-08,13.00000000869987,86.99999998130014,93868.87978508222
1e-08,14.00000000859986,85.99999998140014,92924.13889312091
1e-08,15.00000000849985,84.99999998150015,92016.94956806258
1e-08,16.00000000839984,83.99999998160015,91145.67364626494
1e-08,17.00000000829983,82.99999998170017,90308.77715701204
1e-08,18.00000000819982,81.99999998180019,89504.82250091532
1e-08,19.00000000809981,80.99999998190019,88732.46133379114
1e-08,20.000000007999798,79.9999999820002,87990.42808336015
1e-08,21.00000000789979,78.9999999821002,87277.53403456497
1e-08,22.00000000779978,77.99999998220022,86592.66192666271
1e-08,23.000000007699768,76.99999998230024,85934.76101167756
1e-08,24.00000000759976,75.99999998240024,85302.8425294193
1e-08,25.000000007499747,74.99999998250026,84695.97555920154
1e-08,26.000000007399738,73.99999998260026,84113.28321272235
1e-08,27.00000000729973,72.99999998270027,83553.9391363755
1e-08,28.00000000719972,71.99999998280028,83017.16429461914
1e-08,29.000000007099707,70.99999998290029,82502.22400899093
1e-08,30.0000000069997,69.9999999830003,82008.42522998051
1e-08,31.000000006899686,68.99999998310031,81535.11402129421
1e-08,32.00000000679968,67.99999998320033,81081.67323810654
1e-08,33.00000000669967,66.99999998330033,80647.52038272834
1e-08,34.000000006599656,65.99999998340034,80232.10562275095
1e-08,35.00000000649965,64.99999998350035,79834.90995818307
1e-08,36.00000000639964,63.99999998360036,79455.44352539557
1e-08,37.00000000629963,62.99999998370037,79093.24402685351
1e-08,38.00000000619962,61.99999998380038,78747.87527665457
1e-08,39.000000006099604,60.999999983900395,78418.92585282994
1e-08,40.000000005999595,59.999999984000404,78106.00784820243
1e-08,41.00000000589959,58.99999998410041,77808.75571235149
1e-08,42.00000000579958,57.99999998420042,77526.82517791826
1e-08,43.00000000569957,56.99999998430043,77259.89226509638
1e-08,44.00000000559956,55.99999998440044,77007.65235871068
1e-08,45.000000005499544,54.999999984500455,76769.81935279054
1e-08,46.000000005399535,53.999999984600464,76546.12485799796
1e-08,47.000000005299526,52.99999998470047,76336.31746768738
1e-08,48.00000000519952,51.99999998480048,76140.16207875047
1e-08,49.00000000509951,50.99999998490049,75957.43926374167
1e-08,50.00000000499949,49.99999998500051,75787.94469109585
1e-08,51.00000000489948,48.999999985100516,75631.48859053466
1e-08,52.000000004799475,47.999999985200525,75487.89526102216
1e-08,53.000000004699466,46.99999998530053,75357.00261887225
1e-08,54.00000000459946,45.99999998540054,75238.66178383186
1e-08,55.00000000449945,44.99999998550055,75132.7367011705
1e-08,56.00000000439944,43.99999998560056,75039.10379799595
1e-08,57.00000000429942,42.999999985700576,74957.65167219378
1e-08,58.000000004199414,41.999999985800585,74888.28081255112
1e-08,59.000000004099405,40.999999985900594,74830.90334878047
1e-08,60.000000003999396,39.9999999860006,74785.44283030277
1e-08,61.00000000389939,38.99999998610061,74751.83403278471
1e-08,62.00000000379937,37.99999998620063,74730.02279155464
1e-08,63.00000000369936,36.99999998630064,74719.96586114305
1e-08,64.00000000359935,35.99999998640065,74721.63080031054
1e-08,65.00000000349935,34.999999986500654,74734.99588203916
1e-08,66.00000000339934,33.99999998660067,74760.05002807056
1e-08,67.00000000329932,32.999999986700686,74796.79276768115
1e-08,68.00000000319932,31.999999986800688,74845.23422048667
1e-08,69.0000000030993,30.999999986900704,74905.39510317113
1e-08,70.0000000029993,29.999999987000706,74977.3067601359
1e-08,71.00000000289928,28.999999987100722,75061.01121816551
1e-08,72.00000000279927,27.999999987200738,75156.56126530725
1e-08,73.00000000269927,26.99999998730074,75264.02055426627
1e-08,74.00000000259925,25.999999987400756,75383.46373071925
1e-08,75.00000000249925,24.999999987500757,75514.97658705991
1e-08,76.00000000239923,23.999999987600773,75658.65624219787
1e-08,77.00000000229923,22.999999987700775,75814.61134814778
1e-08,78.00000000219922,21.99999998780079,75982.96232426491
1e-08,79.0000000020992,20.999999987900807,76163.84162010954
1e-08,80.0000000019992,19.99999998800081,76357.39400805306
1e-08,81.00000000189918,18.999999988100825,76563.77690687987
1e-08,82.00000000179918,17.999999988200827,76783.16073778766
1e-08,83.00000000169916,16.999999988300843,77015.72931434608
1e-08,84.00000000159915,15.999999988400859,77261.68026814552
1e-08,85.00000000149915,14.99999998850086,77521.22551204891
1e-08,86.00000000139913,13.999999988600877,77794.59174315674
1e-08,87.00000000129913,12.999999988700878,78082.02098780755
1e-08,88.00000000119911,11.999999988800894,78383.77119116746
1e-08,89.0000000010991,10.99999998890091,78700.11685421132
1e-08,90.0000000009991,9.999999989000912,79031.34972117061
1e-08,91.00000000089908,8.999999989100928,79377.77952082088
1e-08,92.00000000079908,7.99999998920093,79739.73476530441
1e-08,93.00000000069907,6.999999989300932,80117.56361054048
1e-08,94.00000000059904,5.999999989400962,80511.63478266344
1e-08,95.00000000049904,4.999999989500964,80922.33857535868
1e-08,96.00000000039903,3.9999999896009797,81350.08792343432
1e-08,97.00000000029902,2.9999999897009815,81795.31955848799
1e-08,98.00000000019902,1.9999999898009833,82258.49525309815
1e-08,99.00000000009899,0.9999999899010135,82740.10316060304
1.00000000989999,1e-08,98.99999998010001,109025.71957595456
1.00000000989999,1.00000000989999,97.99999998020002,107446.86374416486
1.00000000989999,2.00000000979998,96.99999998030003,105937.72936437324
1.00000000989999,3.0000000096999697,95.99999998040003,104494.39838318128
1.00000000989999,4.00000000959996,94.99999998050005,103113.25205926562
1.00000000989999,5.000000009499949,93.99999998060007,101790.9432432921
1.00000000989999,6.0000000093999395,92.99999998070007,100524.3716927649
1.00000000989999,7.00000000929993,91.99999998080008,99310.66204150791
1.00000000989999,8.000000009199919,90.99999998090009,98147.14409699717
1.00000000989999,9.000000009099908,89.9999999810001,97031.33518395906
1.00000000989999,10.000000008999898,88.99999998110012,95960.9242909354
1.00000000989999,11.000000008899889,87.99999998120012,94933.75780904175
1.00000000989999,12.000000008799878,86.99999998130014,93947.8266798631
1.00000000989999,13.00000000869987,85.99999998140014,93001.25479311458
1.00000000989999,14.00000000859986,84.99999998150015,92092.2884949869
1.00000000989999,15.00000000849985,83.99999998160015,91219.28708552735
1.00000000989999,16.00000000839984,82.99999998170017,90380.71419842282
1.00000000989999,17.00000000829983,81.99999998180019,89575.12996950977
1.00000000989999,18.00000000819982,80.99999998190019,88801.18391155523
1.00000000989999,19.00000000809981,79.9999999820002,88057.60842258032
1.00000000989999,20.000000007999798,78.9999999821002,87343.21286345717
1.00000000989999,21.00000000789979,77.99999998220022,86656.87814787633
1.00000000989999,22.00000000779978,76.99999998230024,85997.5517942165
1.00000000989999,23.000000007699768,75.99999998240024,85364.24339447475
1.00000000989999,24.00000000759976,74.99999998250026,84756.020460347
1.00000000989999,25.000000007499747,73.99999998260026,84172.00461088291
1.00000000989999,26.000000007399738,72.99999998270027,83611.36806994757
1.00000000989999,27.00000000729973,71.99999998280029,83073.33044508468
1.00000000989999,28.00000000719972,70.99999998290029,82557.15576234132
1.00000000989999,29.000000007099707,69.99999998300031,82062.14973423892
1.00000000989999,30.0000000069997,68.99999998310031,81587.65724040047
1.00000000989999,31.000000006899686,67.99999998320033,81133.06000240779
1.00000000989999,32.00000000679968,66.99999998330033,80697.77443629797
1.00000000989999,33.00000000669967,65.99999998340033,80281.24966774073
1.00000000989999,34.000000006599656,64.99999998350035,79882.96569639615
1.00000000989999,35.00000000649965,63.99999998360036,79502.43169725337
1.00000000989999,36.00000000639964,62.99999998370037,79139.18444791541
1.00000000989999,37.00000000629963,61.99999998380038,78792.78687183652
1.00000000989999,38.00000000619962,60.99999998390039,78462.82668845654
1.00000000989999,39.000000006099604,59.999999984000404,78148.91516201569
1.00000000989999,40.000000005999595,58.99999998410041,77850.68594159071
1.00000000989999,41.00000000589959,57.99999998420042,77567.7939855746
1.00000000989999,42.00000000579958,56.99999998430043,77299.91456443879
1.00000000989999,43.00000000569957,55.99999998440044,77046.74233617165
1.00000000989999,44.00000000559956,54.99999998450045,76807.99048929143
1.00000000989999,45.000000005499544,53.999999984600464,76583.38994878907
1.00000000989999,46.000000005399535,52.99999998470047,76372.68864077001
1.00000000989999,47.000000005299526,51.99999998480048,76175.65081194285
1.00000000989999,48.00000000519952,50.99999998490049,75992.0564004454
1.00000000989999,49.00000000509951,49.9999999850005,75821.7004548132
1.00000000989999,50.00000000499949,48.999999985100516,75664.39259818372
1.00000000989999,51.00000000489948,47.999999985200525,75519.95653509093
1.00000000989999,52.000000004799475,46.99999998530053,75388.22959844879
1.00000000989999,53.000000004699466,45.99999998540054,75269.06233454368
1.00000000989999,54.00000000459946,44.99999998550055,75162.31812406161
1.00000000989999,55.00000000449945,43.99999998560056,75067.8728373673
1.00000000989999,56.00000000439944,42.99999998570057,74985.61452242754
1.00000000989999,57.00000000429942,41.999999985800585,74915.44312393731
1.00000000989999,58.000000004199414,40.999999985900594,74857.27023235938
1.00000000989999,59.000000004099405,39.9999999860006,74811.01886173432
1.00000000989999,60.000000003999396,38.99999998610061,74776.62325525173
1.00000000989999,61.00000000389939,37.99999998620062,74754.02871770406
1.00000000989999,62.00000000379937,36.99999998630064,74743.19147406548
1.00000000989999,63.00000000369936,35.99999998640065,74744.07855355524
1.00000000989999,64.00000000359935,34.999999986500654,74756.6676986582
1.00000000989999,65.00000000349935,33.999999986600656,74780.94729868244
1.00000000989999,66.00000000339934,32.99999998670067,74816.91634754013
1.00000000989999,67.00000000329932,31.999999986800688,74864.58442554128
1.00000000989999,68.00000000319932,30.99999998690069,74923.97170509117
1.00000000989999,69.0000000030993,29.999999987000706,74995.10898028294
1.00000000989999,70.0000000029993,28.999999987100708,75078.03772047839
1.00000000989999,71.00000000289928,27.999999987200724,75172.8101480701
1.00000000989999,72.00000000279927,26.99999998730074,75279.48934072095
1.00000000989999,73.00000000269927,25.99999998740074,75398.14935848101
1.00000000989999,74.00000000259925,24.999999987500757,75528.87539628884
1.00000000989999,75.00000000249925,23.99999998760076,75671.76396247392
1.00000000989999,76.00000000239923,22.999999987700775,75826.92308399153
1.00000000989999,77.00000000229923,21.999999987800777,75994.47253924035
1.00000000989999,78.00000000219922,20.999999987900793,76174.5441194384
1.00000000989999,79.0000000020992,19.99999998800081,76367.28191966351
1.00000000989999,80.0000000019992,18.99999998810081,76572.84266080489
1.00000000989999,81.00000000189918,17.999999988200827,76791.3960438203
1.00000000989999,82.00000000179918,16.99999998830083,77023.12513785038
1.00000000989999,83.00000000169916,15.999999988400845,77268.2268039121
1.00000000989999,84.00000000159915,14.99999998850086,77526.91215607413
1.00000000989999,85.00000000149915,13.999999988600862,77799.40706221318
1.00000000989999,86.00000000139913,12.999999988700878,78085.95268666158
1.00000000989999,87.00000000129913,11.99999998880088,78386.8060772861
1.00000000989999,88.00000000119911,10.999999988900896,78702.2407997866
1.00000000989999,89.0000000010991,9.999999989000912,79032.54762227318
1.00000000989999,90.0000000009991,8.999999989100914,79378.0352534779
1.00000000989999,91.00000000089908,7.99999998920093,79739.03113827751
1.00000000989999,92.00000000079908,6.999999989300932,80115.88231455804
1.00000000989999,93.00000000069907,5.9999999894009335,80508.95633583989
1.00000000989999,94.00000000059904,4.999999989500964,80918.64226450621
1.00000000989999,95.00000000049904,3.9999999896009655,81345.35174094635
1.00000000989999,96.00000000039903,2.9999999897009815,81789.52013444148
1.00000000989999,97.00000000029902,1.9999999898009833,82251.60778218824
1.00000000989999,98.00000000019902,0.999999989900985,82732.10132348561
2.00000000979998,1e-08,97.99999998020002,107552.27550064912
2.00000000979998,1.00000000989999,96.99999998030003,106040.44910130183
2.00000000979998,2.00000000979998,95.99999998040003,104594.52314064802
2.00000000979998,3.0000000096999697,94.99999998050005,103210.87370090287
2.00000000979998,4.00000000959996,93.99999998060007,101886.1487980137
2.00000000979998,5.000000009499949,92.99999998070007,100617.2436689459
2.00000000979998,6.0000000093999395,91.99999998080008,99401.27871616057
2.00000000979998,7.00000000929993,90.99999998090009,98235.57978223509
2.00000000979998,8.000000009199919,89.9999999810001,97117.66047280552
2.00000000979998,9.000000009099908,88.99999998110012,96045.2062843203
2.00000000979998,10.000000008999898,87.99999998120012,95016.06032564677
2.00000000979998,11.000000008899889,86.99999998130014,94028.21045030779
2.00000000979998,12.000000008799878,85.99999998140014,93079.77763982852
2.00000000979998,13.00000000869987,84.99999998150015,92169.0054989812
2.00000000979998,14.00000000859986,83.99999998160015,91294.25074116304
2.00000000979998,15.00000000849985,82.99999998170017,90453.97455716609
2.00000000979998,16.00000000839984,81.99999998180019,89646.73477357253
2.00000000979998,17.00000000829983,80.99999998190019,88871.17871823479
2.00000000979998,18.00000000819982,79.9999999820002,88126.03672003568
2.00000000979998,19.00000000809981,78.9999999821002,87410.11617859322
2.00000000979998,20.000000007999798,77.99999998220022,86722.2961469459
2.00000000979998,21.00000000789979,76.99999998230024,86061.52237669515
2.00000000979998,22.00000000779978,75.99999998240024,85426.80278071448
2.00000000979998,23.000000007699768,74.99999998250026,84817.20327347034
2.00000000979998,24.00000000759976,73.99999998260026,84231.84395333863
2.00000000979998,25.000000007499747,72.99999998270027,83669.895595113
2.00000000979998,26.000000007399738,71.99999998280029,83130.57642426694
2.00000000979998,27.00000000729973,70.99999998290029,82613.14914749969
2.00000000979998,28.00000000719972,69.9999999830003,82116.91821672322
2.00000000979998,29.000000007099707,68.99999998310031,81641.2273059767
2.00000000979998,30.0000000069997,67.99999998320033,81185.45698281884
2.00000000979998,31.000000006899686,66.99999998330034,80749.02255758765
2.00000000979998,32.00000000679968,65.99999998340033,80331.3720955498
2.00000000979998,33.00000000669967,64.99999998350035,79931.9845784233
2.00000000979998,34.000000006599656,63.99999998360036,79550.3682030577
2.00000000979998,35.00000000649965,62.99999998370037,79186.05880622253
2.00000000979998,36.00000000639964,61.99999998380038,78838.61840549821
2.00000000979998,37.00000000629963,60.99999998390039,78507.63384720136
2.00000000979998,38.00000000619962,59.9999999840004,78192.71555311664
2.00000000979998,39.000000006099604,58.99999998410041,77893.49635856671
2.00000000979998,40.000000005999595,57.99999998420042,77609.6304350324
2.00000000979998,41.00000000589959,56.99999998430043,77340.79229115383
2.00000000979998,42.00000000579958,55.99999998440044,77086.6758464975
2.00000000979998,43.00000000569957,54.99999998450045,76846.99357298136
2.00000000979998,44.00000000559956,53.99999998460046,76621.47569930507
2.00000000979998,45.000000005499544,52.99999998470047,76409.86947414892
2.00000000979998,46.000000005399535,51.99999998480048,76211.93848428255
2.00000000979998,47.000000005299526,50.99999998490049,76027.46202406939
2.00000000979998,48.00000000519952,49.9999999850005,75856.23451316546
2.00000000979998,49.00000000509951,48.99999998510051,75698.06495950127
2.00000000979998,50.00000000499949,47.999999985200525,75552.77646489728
2.00000000979998,51.00000000489948,46.99999998530053,75420.20577090564
2.00000000979998,52.000000004799475,45.99999998540054,75300.20284269526
2.00000000979998,53.000000004699466,44.99999998550055,75192.63048900175
2.00000000979998,54.00000000459946,43.99999998560056,75097.36401635413
2.00000000979998,55.00000000449945,42.99999998570057,75014.29091596906
2.00000000979998,56.00000000439944,41.99999998580058,74943.31058186534
2.00000000979998,57.00000000429942,40.999999985900594,74884.33405890717
2.00000000979998,58.000000004199414,39.9999999860006,74837.28381962905
2.00000000979998,59.000000004099405,38.99999998610061,74802.09356882973
2.00000000979998,60.000000003999396,37.99999998620062,74778.70807505306
2.00000000979998,61.00000000389939,36.99999998630063,74767.08302819506
2.00000000979998,62.00000000379937,35.99999998640065,74767.18492259314
2.00000000979998,63.00000000369936,34.999999986500654,74778.99096506617
2.00000000979998,64.00000000359935,33.99999998660067,74802.48900748279
2.00000000979998,65.00000000349935,32.99999998670067,74837.67750353979
2.00000000979998,66.00000000339934,31.999999986800688,74884.56548953666
2.00000000979998,67.00000000329932,30.999999986900704,74943.17258903365
2.00000000979998,68.00000000319932,29.999999987000706,75013.52904138053
2.00000000979998,69.0000000030993,28.999999987100722,75095.67575420535
2.00000000979998,70.0000000029993,27.999999987200724,75189.66438005184
2.00000000979998,71.00000000289928,26.99999998730074,75295.55741745712
2.00000000979998,72.00000000279927,25.999999987400756,75413.4283368651
2.00000000979998,73.00000000269927,24.999999987500757,75543.36173187732
2.00000000979998,74.00000000259925,23.999999987600773,75685.45349645313
2.00000000979998,75.00000000249925,22.999999987700775,75839.81102878453
2.00000000979998,76.00000000239923,21.99999998780079,76006.55346269
2.00000000979998,77.00000000229923,20.999999987900793,76185.81192749647
2.00000000979998,78.00000000219922,19.99999998800081,76377.72983750871
2.00000000979998,79.0000000020992,18.999999988100825,76582.46321230555
2.00000000979998,80.0000000019992,17.999999988200827,76800.1810292489
2.00000000979998,81.00000000189918,16.999999988300843,77031.06560974833
2.00000000979998,82.00000000179918,15.999999988400845,77275.31304099446
2.00000000979998,83.00000000169916,14.99999998850086,77533.13363505306
2.00000000979998,84.00000000159915,13.999999988600877,77804.75242740796
2.00000000979998,85.00000000149915,12.999999988700878,78090.40971725079
2.00000000979998,86.00000000139913,11.999999988800894,78390.36165204488
2.00000000979998,87.00000000129913,10.999999988900896,78704.8808591361
2.00000000979998,88.00000000119911,9.999999989000912,79034.25712745546
2.00000000979998,89.0000000010991,8.999999989100928,79378.79814265015
2.00000000979998,90.0000000009991,7.99999998920093,79738.8302793016
2.00000000979998,91.00000000089908,6.999999989300946,80114.69945424072
2.00000000979998,92.00000000079908,5.999999989400948,80506.77204535472
2.00000000979998,93.00000000069907,4.9999999895009495,80915.43588070406
2.00000000979998,94.00000000059904,3.9999999896009797,81341.1013032333
2.00000000979998,95.00000000049904,2.9999999897009815,81784.20231687093
2.00000000979998,96.00000000039903,1.9999999898009975,82245.19782038147
2.00000000979998,97.00000000029902,0.9999999899009993,82724.57293595592
3.0000000096999697,1e-08,96.99999998030003,106145.00562521987
3.0000000096999697,1.00000000989999,95.99999998040003,104696.43966598556
3.0000000096999697,2.00000000979998,94.99999998050005,103310.2439270953
3.0000000096999697,3.0000000096999697,93.99999998060007,101983.06148826829
3.0000000096999697,4.00000000959996,92.99999998070007,100711.78297158533
3.0000000096999697,5.000000009499949,91.99999998080008,99493.52446034722
3.0000000096999697,6.0000000093999395,90.99999998090009,98325.60775043028
3.0000000096999697,7.00000000929993,89.9999999810001,97205.54265207444
3.0000000096999697,8.000000009199919,88.9999999811001,96131.01109837613
3.0000000096999697,9.000000009099908,87.99999998120012,95099.85284933663
3.0000000096999697,10.000000008999898,86.99999998130014,94110.0526080714
3.0000000096999697,11.000000008899889,85.99999998140014,93159.72838950923
3.0000000096999697,12.000000008799878,84.99999998150015,92247.12100223407
3.0000000096999697,13.00000000869987,83.99999998160015,91370.58452158317
3.0000000096999697,14.00000000859986,82.99999998170017,90528.57764715335
3.0000000096999697,15.00000000849985,81.99999998180019,89719.65585085264
3.0000000096999697,16.00000000839984,80.99999998190019,88942.46423286968
3.0000000096999697,17.00000000829983,79.9999999820002,88195.73101267978
3.0000000096999697,18.00000000819982,78.9999999821002,87478.26159068226
3.0000000096999697,19.00000000809981,77.99999998220022,86788.93312344253
3.0000000096999697,20.000000007999798,76.99999998230024,86126.68956196017
3.0000000096999697,21.00000000789979,75.99999998240024,85490.53710802103
3.0000000096999697,22.00000000779978,74.99999998250024,84879.54004863392
3.0000000096999697,23.000000007699768,73.99999998260026,84292.81693289355
3.0000000096999697,24.00000000759976,72.99999998270027,83729.53705942958
3.0000000096999697,25.000000007499747,71.99999998280029,83188.91724596955
3.0000000096999697,26.000000007399738,70.99999998290029,82670.21885551524
3.0000000096999697,27.00000000729973,69.9999999830003,82172.74505626241
3.0000000096999697,28.00000000719972,68.99999998310031,81695.83829472453
3.0000000096999697,29.000000007099707,67.99999998320033,81238.87796358857
3.0000000096999697,30.0000000069997,66.99999998330034,80801.27824767109
3.0000000096999697,31.000000006899686,65.99999998340034,80382.48613297801
3.0000000096999697,32.00000000679968,64.99999998350035,79981.97956533436
3.0000000096999697,33.00000000669967,63.99999998360036,79599.26574635234
3.0000000096999697,34.000000006599656,62.99999998370038,79233.87955567353
3.0000000096999697,35.00000000649965,61.999999983800386,78885.38208946717
3.0000000096999697,36.00000000639964,60.999999983900395,78553.3593061022
3.0000000096999697,37.00000000629963,59.999999984000404,78237.42077075675
3.0000000096999697,38.00000000619962,58.99999998410041,77937.19849148308
3.0000000096999697,39.000000006099604,57.99999998420043,77652.34583993329
3.0000000096999697,40.000000005999595,56.99999998430044,77382.53655056587
3.0000000096999697,41.00000000589959,55.999999984400446,77127.46379271089
3.0000000096999697,42.00000000579958,54.999999984500455,76886.83931037753
3.0000000096999697,43.00000000569957,53.999999984600464,76660.39262514476
3.0000000096999697,44.00000000559956,52.99999998470047,76447.87029789157
3.0000000096999697,45.000000005499544,51.99999998480049,76249.03524550216
3.0000000096999697,46.000000005399535,50.9999999849005,76063.66610902539
3.0000000096999697,47.000000005299526,49.99999998500051,75891.5566700829
3.0000000096999697,48.00000000519952,48.999999985100516,75732.51531260904
3.0000000096999697,49.00000000509951,47.999999985200525,75586.3645272674
3.0000000096999697,50.00000000499949,46.99999998530054,75452.94045613376
3.0000000096999697,51.00000000489948,45.99999998540055,75332.09247545671
3.0000000096999697,52.000000004799475,44.99999998550056,75223.68281451402
3.0000000096999697,53.000000004699466,43.99999998560057,75127.58620877251
3.0000000096999697,54.00000000459946,42.999999985700576,75043.68958573863
3.0000000096999697,55.00000000449945,41.999999985800585,74971.8917820477
3.0000000096999697,56.00000000439944,40.999999985900594,74912.10329049845
3.0000000096999697,57.00000000429942,39.99999998600061,74864.24603588022
3.0000000096999697,58.000000004199414,38.99999998610062,74828.25317857835
3.0000000096999697,59.000000004099405,37.99999998620063,74804.0689450712
3.0000000096999697,60.000000003999396,36.99999998630064,74791.6484845548
3.0000000096999697,61.00000000389939,35.99999998640064,74790.9577510479
3.0000000096999697,62.00000000379937,34.999999986500654,74801.97341044256
3.0000000096999697,63.00000000369936,33.99999998660067,74824.68277207369
3.0000000096999697,64.00000000359935,32.99999998670067,74859.08374448639
3.0000000096999697,65.00000000349935,31.999999986800674,74905.18481518322
3.0000000096999697,66.00000000339934,30.99999998690069,74963.0050542347
3.0000000096999697,67.00000000329932,29.999999987000706,75032.574141737
3.0000000096999697,68.00000000319932,28.999999987100708,75113.93241920104
3.0000000096999697,69.0000000030993,27.999999987200724,75207.13096505828
3.0000000096999697,70.0000000029993,26.999999987300725,75312.23169456988
3.0000000096999697,71.00000000289928,25.99999998740074,75429.30748453003
3.0000000096999697,72.00000000279927,24.999999987500757,75558.44232326023
3.0000000096999697,73.00000000269927,23.99999998760076,75699.73148650088
3.0000000096999697,74.00000000259925,22.999999987700775,75853.2817399202
3.0000000096999697,75.00000000249925,21.999999987800777,76019.21156907875
3.0000000096999697,76.00000000239923,20.999999987900793,76197.6514378116
3.0000000096999697,77.00000000229923,19.999999988000795,76388.7440761217
3.0000000096999697,78.00000000219922,18.99999998810081,76592.64479881484
3.0000000096999697,79.0000000020992,17.999999988200827,76809.52185625544
3.0000000096999697,80.0000000019992,16.99999998830083,77039.55681877672
3.0000000096999697,81.00000000189918,15.999999988400845,77282.94499644884
3.0000000096999697,82.00000000179918,14.999999988500846,77539.89589608673
3.0000000096999697,83.00000000169916,13.999999988600862,77810.63371757476
3.0000000096999697,84.00000000159915,12.999999988700878,78095.39789179423
3.0000000096999697,85.00000000149915,11.99999998880088,78394.44366266711
3.0000000096999697,86.00000000139913,10.999999988900896,78708.04271607508
3.0000000096999697,87.00000000129913,9.999999989000898,79036.48385868248
3.0000000096999697,88.00000000119911,8.999999989100914,79380.07374998232
3.0000000096999697,89.0000000010991,7.99999998920093,79739.13769120554
3.0000000096999697,90.0000000009991,6.999999989300932,80114.02047508184
3.0000000096999697,91.00000000089908,5.999999989400948,80505.0873008243
3.0000000096999697,92.00000000079908,4.9999999895009495,80912.72475913064
3.0000000096999697,93.00000000069907,3.9999999896009513,81337.34189245636
3.0000000096999697,94.00000000059904,2.9999999897009815,81779.37133632573
3.0000000096999697,95.00000000049904,1.9999999898009833,82239.27054800736
3.0000000096999697,96.00000000039903,0.9999999899009993,82717.52312950454
4.00000000959996,1e-08,95.99999998040003,104800.17623270027
4.00000000959996,1.00000000989999,94.99999998050005,103411.3901816437
4.00000000959996,2.00000000979998,93.99999998060007,102081.70796419194
4.00000000959996,3.0000000096999697,92.99999998070007,100808.01549113594
4.00000000959996,4.00000000959996,91.99999998080008,99587.42443690676
4.00000000959996,5.000000009499949,90.99999998090009,98417.25246710048
4.00000000959996,6.0000000093999395,89.9999999810001,97295.00551860155
4.00000000959996,7.00000000929993,88.9999999811001,96218.36188835556
4.00000000959996,8.000000009199919,87.99999998120012,95185.1579194431
4.00000000959996,9.000000009099908,86.99999998130014,94193.37510088566
4.00000000959996,10.000000008999898,85.99999998140014,93241.12842135603
4.00000000959996,11.000000008899889,84.99999998150015,92326.65583730681
4.00000000959996,12.000000008799878,83.99999998160015,91448.30873350726
4.00000000959996,13.00000000869987,82.99999998170017,90604.54326902921
4.00000000959996,14.00000000859986,81.99999998180019,89793.91251472049
4.00000000959996,15.00000000849985,80.99999998190019,89015.05929945
4.00000000959996,16.00000000839984,79.99999998200019,88266.70969216405
4.00000000959996,17.00000000829983,78.9999999821002,87547.66705527656
4.00000000959996,18.00000000819982,77.99999998220022,86856.80661230422
4.00000000959996,19.00000000809981,76.99999998230024,86193.07047910901
4.00000000959996,20.000000007999798,75.99999998240024,85555.46311375467
4.00000000959996,21.00000000789979,74.99999998250024,84943.04714493148
4.00000000959996,22.00000000779978,73.99999998260026,84354.9395432483
4.00000000959996,23.000000007699768,72.99999998270027,83790.30810351387
4.00000000959996,24.00000000759976,71.99999998280029,83248.36820950036
4.00000000959996,25.000000007499747,70.99999998290029,82728.37985565783
4.00000000959996,26.000000007399738,69.9999999830003,82229.64490288099
4.00000000959996,27.00000000729973,68.99999998310031,81751.50454776309
4.00000000959996,28.00000000719972,67.99999998320033,81293.33698684153
4.00000000959996,29.000000007099707,66.99999998330034,80854.55525918202
4.00000000959996,30.0000000069997,65.99999998340034,80434.6052522856
4.00000000959996,31.000000006899686,64.99999998350035,80032.96385776665
4.00000000959996,32.00000000679968,63.99999998360036,79649.13726455375
4.00000000959996,33.00000000669967,62.99999998370037,79282.65937853511
4.00000000959996,34.000000006599656,61.999999983800386,78933.09035861595
4.00000000959996,35.00000000649965,60.999999983900395,78600.015260094
4.00000000959996,36.00000000639964,59.999999984000404,78283.04277710391
4.00000000959996,37.00000000629963,58.99999998410041,77981.80407663964
4.00000000959996,38.00000000619962,57.99999998420042,77695.95171734893
4.00000000959996,39.000000006099604,56.99999998430044,77425.15864691162
4.00000000959996,40.000000005999595,55.999999984400446,77169.11727237096
4.00000000959996,41.00000000589959,54.999999984500455,76927.53859829437
4.00000000959996,42.00000000579958,53.999999984600464,76700.15142809626
4.00000000959996,43.00000000569957,52.99999998470047,76486.70162427344
4.00000000959996,44.00000000559956,51.99999998480048,76286.95142368226
4.00000000959996,45.000000005499544,50.9999999849005,76100.67880432979
4.00000000959996,46.000000005399535,49.99999998500051,75927.67690047006
4.00000000959996,47.000000005299526,48.999999985100516,75767.75346308053
4.00000000959996,48.00000000519952,47.999999985200525,75620.73036306129
4.00000000959996,49.00000000509951,46.99999998530053,75486.4431347405
4.00000000959996,50.00000000499949,45.99999998540055,75364.74055749357
4.00000000959996,51.00000000489948,44.99999998550056,75255.48427348949
4.00000000959996,52.000000004799475,43.99999998560057,75158.54843976909
4.00000000959996,53.000000004699466,42.999999985700576,75073.81941303636
4.00000000959996,54.00000000459946,41.999999985800585,75001.19546570977
4.00000000959996,55.00000000449945,40.999999985900594,74940.5865319344
4.00000000959996,56.00000000439944,39.9999999860006,74891.91398239926
4.00000000959996,57.00000000429942,38.99999998610062,74855.11042694245
4.00000000959996,58.000000004199414,37.99999998620063,74830.1195440529
4.00000000959996,59.000000004099405,36.99999998630064,74816.89593650225
4.00000000959996,60.000000003999396,35.99999998640064,74815.40501245546
4.00000000959996,61.00000000389939,34.999999986500654,74825.62289152232
4.00000000959996,62.00000000379937,33.99999998660067,74847.53633531898
4.00000000959996,63.00000000369936,32.99999998670067,74881.14270221553
4.00000000959996,64.00000000359935,31.999999986800688,74926.4499260475
4.00000000959996,65.00000000349935,30.99999998690069,74983.47651867085
4.00000000959996,66.00000000339934,29.999999987000706,75052.25159634062
4.00000000959996,67.00000000329932,28.999999987100722,75132.81492999315
4.00000000959996,68.00000000319932,27.999999987200724,75225.21701961318
4.00000000959996,69.0000000030993,26.99999998730074,75329.51919296743
4.00000000959996,70.0000000029993,25.99999998740074,75445.79372909137
4.00000000959996,71.00000000289928,24.999999987500757,75574.12400702035
4.00000000959996,72.00000000279927,23.999999987600773,75714.60468036676
4.00000000959996,73.00000000269927,22.999999987700775,75867.3418784568
4.00000000959996,74.00000000259925,21.99999998780079,76032.45343485977
4.00000000959996,75.00000000249925,20.999999987900793,76210.06914426517
4.00000000959996,76.00000000239923,19.99999998800081,76400.33104879406
4.00000000959996,77.00000000229923,18.99999998810081,76603.39375496798
4.00000000959996,78.00000000219922,17.999999988200827,76819.4247827059
4.00000000959996,79.0000000020992,16.999999988300843,77048.60494787493
4.00000000959996,80.0000000019992,15.999999988400845,77291.1287800881
4.00000000959996,81.00000000189918,14.99999998850086,77547.20497762116
4.00000000959996,82.00000000179918,13.999999988600862,77817.05690151425
4.00000000959996,83.00000000169916,12.999999988700878,78100.92311113217
4.00000000959996,84.00000000159915,11.999999988800894,78399.05794368319
4.00000000959996,85.00000000149915,10.999999988900896,78711.73214044207
4.00000000959996,86.00000000139913,9.999999989000912,79039.23352268837
4.00000000959996,87.00000000129913,8.999999989100914,79381.86772066317
4.00000000959996,88.00000000119911,7.99999998920093,79739.9589591649
4.00000000959996,89.0000000010991,6.999999989300946,80113.85090375134
4.00000000959996,90.0000000009991,5.999999989400948,80503.90757189793
4.00000000959996,91.00000000089908,4.999999989500964,80910.51431387864
4.00000000959996,92.00000000079908,3.9999999896009655,81334.07886859776
4.00000000959996,93.00000000069907,2.9999999897009673,81775.03250010705
4.00000000959996,94.00000000059904,1.9999999898009975,82233.83122110125
4.00000000959996,95.00000000049904,0.9999999899009993,82710.95711030449
5.000000009499949,1e-08,94.99999998050005,103514.34048807222
5.000000009499949,1.00000000989999,93.99999998060007,102182.11543629917
5.000000009499949,2.00000000979998,92.99999998070007,100905.96765997156
5.000000009499949,3.0000000096999697,91.99999998080008,99683.00433297796
5.000000009499949,4.00000000959996,90.99999998090009,98510.53890522978
5.000000009499949,5.000000009499949,89.9999999810001,97386.0733605987
5.000000009499949,6.0000000093999395,88.9999999811001,96307.28228549843
5.000000009499949,7.00000000929993,87.99999998120012,95271.99853655901
5.000000009499949,8.000000009199919,86.99999998130014,94278.20032364393
5.000000009499949,9.000000009099908,85.99999998140014,93323.99954822291
5.000000009499949,10.000000008999898,84.99999998150015,92407.63125747001
5.000000009499949,11.000000008899889,83.99999998160015,91527.44409195066
5.000000009499949,12.000000008799878,82.99999998170017,90681.89161982467
5.000000009499949,13.00000000869987,81.99999998180019,89869.5244635021
5.000000009499949,14.00000000859986,80.99999998190019,89088.98313594502
5.000000009499949,15.00000000849985,79.9999999820002,88338.9915135738
5.000000009499949,16.00000000839984,78.9999999821002,87618.3508812274
5.000000009499949,17.00000000829983,77.99999998220022,86925.93449202323
5.000000009499949,18.00000000819982,76.99999998230024,86260.68259141978
5.000000009499949,19.00000000809981,75.99999998240024,85621.59786043612
5.000000009499949,20.000000007999798,74.99999998250026,85007.74123793388
5.000000009499949,21.00000000789979,73.99999998260026,84418.22808621837
5.000000009499949,22.00000000779978,72.99999998270027,83852.22466804119
5.000000009499949,23.000000007699768,71.99999998280029,83308.94490646213
5.000000009499949,24.00000000759976,70.99999998290029,82787.64740200719
5.000000009499949,25.000000007499747,69.99999998300031,82287.63268419477
5.000000009499949,26.000000007399738,68.99999998310031,81808.24067683861
5.000000009499949,27.00000000729973,67.99999998320033,81348.84835860827
5.000000009499949,28.00000000719972,66.99999998330033,80908.86760217175
5.000000009499949,29.000000007099707,65.99999998340034,80487.74317688479
5.000000009499949,30.0000000069997,64.99999998350035,80084.95090145702
5.000000009499949,31.000000006899686,63.99999998360036,79699.9959343297
5.000000009499949,32.00000000679968,62.99999998370037,79332.41119067222
5.000000009499949,33.00000000669967,61.99999998380038,78981.75587595008
5.000000009499949,34.000000006599656,60.999999983900395,78647.61412695842
5.000000009499949,35.00000000649965,59.999999984000404,78329.59375205908
5.000000009499949,36.00000000639964,58.99999998410041,78027.32506312094
5.000000009499949,37.00000000629963,57.99999998420042,77740.45979234611
5.000000009499949,38.00000000619962,56.99999998430043,77468.67008778534
5.000000009499949,39.000000006099604,55.999999984400446,77211.64758190357
5.000000009499949,40.000000005999595,54.999999984500455,76969.10252806274
5.000000009499949,41.00000000589959,53.999999984600464,76740.76300024879
5.000000009499949,42.00000000579958,52.99999998470047,76526.37415178568
5.000000009499949,43.00000000569957,51.99999998480048,76325.69752915855
5.000000009499949,44.00000000559956,50.99999998490049,76138.51043741427
5.000000009499949,45.000000005499544,49.99999998500051,75964.60535392206
5.000000009499949,46.000000005399535,48.999999985100516,75803.78938756678
5.000000009499949,47.000000005299526,47.999999985200525,75655.8837807106
5.000000009499949,48.00000000519952,46.99999998530053,75520.72345150234
5.000000009499949,49.00000000509951,45.99999998540054,75398.1565743375
5.000000009499949,50.00000000499949,44.99999998550056,75288.04419647859
5.000000009499949,51.00000000489948,43.99999998560057,75190.25988903498
5.000000009499949,52.000000004799475,42.999999985700576,75104.6894306814
5.000000009499949,53.000000004699466,41.999999985800585,75031.23052265664
5.000000009499949,54.00000000459946,40.999999985900594,74969.7925337396
5.000000009499949,55.00000000449945,39.9999999860006,74920.2962740449
5.000000009499949,56.00000000439944,38.99999998610061,74882.67379661523
5.000000009499949,57.00000000429942,37.99999998620063,74856.86822591662
5.000000009499949,58.000000004199414,36.99999998630064,74842.83361246677
5.000000009499949,59.000000004099405,35.99999998640064,74840.53481294103
5.000000009499949,60.000000003999396,34.999999986500654,74849.94739521443
5.000000009499949,61.00000000389939,33.99999998660067,74871.05756790645
5.000000009499949,62.00000000379937,32.999999986700686,74903.86213409965
5.000000009499949,63.00000000369936,31.999999986800688,74948.36846900657
5.000000009499949,64.00000000359935,30.99999998690069,75004.59452146142
5.000000009499949,65.00000000349935,29.999999987000706,75072.56883921164
5.000000009499949,66.00000000339934,28.999999987100722,75152.33061808569
5.000000009499949,67.00000000329932,27.999999987200738,75243.92977521414
5.000000009499949,68.00000000319932,26.999999987300725,75347.42704658097
5.000000009499949,69.0000000030993,25.99999998740074,75462.89410928656
5.000000009499949,70.0000000029993,24.999999987500757,75590.41372900979
5.000000009499949,71.00000000289928,23.999999987600773,75730.0799332639
5.000000009499949,72.00000000279927,22.99999998770079,75881.99821115546
5.000000009499949,73.00000000269927,21.999999987800777,76046.28574047246
5.000000009499949,74.00000000259925,20.999999987900793,76223.07164305053
