% (Ta),% (Nb),% (V),kappa_lattice
1e-08,99.99999998,1e-08,17.899999940674196
1e-08,98.99999998010001,1.00000000989999,15.870969513517466
1e-08,97.99999998020002,2.00000000979998,14.478429210351125
1e-08,96.99999998030003,3.0000000096999697,13.438799027263286
1e-08,95.99999998040003,4.00000000959996,12.620969288926744
1e-08,94.99999998050005,5.000000009499949,11.954162582203
1e-08,93.99999998060007,6.0000000093999395,11.396105909569464
1e-08,92.99999998070007,7.00000000929993,10.919674200316738
1e-08,91.99999998080008,8.000000009199919,10.506502011379363
1e-08,90.99999998090009,9.000000009099908,10.143623744459859
1e-08,89.9999999810001,10.000000008999898,9.821573879374425
1e-08,88.9999999811001,11.000000008899889,9.533249432739684
1e-08,87.99999998120012,12.000000008799878,9.27319638290324
1e-08,86.99999998130014,13.00000000869987,9.037144435684874
1e-08,85.99999998140014,14.00000000859986,8.821693664766574
1e-08,84.99999998150015,15.00000000849985,8.624097485764329
1e-08,83.99999998160015,16.00000000839984,8.442108680169333
1e-08,82.99999998170017,17.00000000829983,8.273867823861615
1e-08,81.99999998180019,18.00000000819982,8.1178209241497
1e-08,80.99999998190019,19.00000000809981,7.972657605184739
1e-08,79.9999999820002,20.000000007999798,7.837264023877635
1e-08,78.9999999821002,21.00000000789979,7.710686525421757
1e-08,77.99999998220022,22.00000000779978,7.592103248936189
1e-08,76.99999998230024,23.000000007699768,7.480801700157467
1e-08,75.99999998240024,24.00000000759976,7.376160859528113
1e-08,74.99999998250026,25.000000007499747,7.277636777507785
1e-08,73.99999998260026,26.000000007399738,7.184750879761658
1e-08,72.99999998270027,27.00000000729973,7.097080398878596
1e-08,71.99999998280028,28.00000000719972,7.014250490056901
1e-08,70.99999998290029,29.000000007099707,6.93592769160282
1e-08,69.9999999830003,30.0000000069997,6.861814467892533
1e-08,68.99999998310031,31.000000006899686,6.791644630091935
1e-08,67.99999998320033,32.00000000679968,6.72517947361178
1e-08,66.99999998330033,33.00000000669967,6.662204504681846
1e-08,65.99999998340034,34.000000006599656,6.602526654193126
1e-08,64.99999998350035,35.00000000649965,6.545971896989624
1e-08,63.99999998360036,36.00000000639964,6.492383210485561
1e-08,62.99999998370037,37.00000000629963,6.441618818868589
1e-08,61.99999998380038,38.00000000619962,6.393550678990581
1e-08,60.999999983900395,39.000000006099604,6.3480631719196445
1e-08,59.999999984000404,40.000000005999595,6.305051970465197
1e-08,58.99999998410041,41.00000000589959,6.264423058123821
1e-08,57.99999998420042,42.00000000579958,6.226091879082071
1e-08,56.99999998430043,43.00000000569957,6.189982602350606
1e-08,55.99999998440044,44.00000000559956,6.156027485945725
1e-08,54.999999984500455,45.000000005499544,6.124166329400092
1e-08,53.999999984600464,46.000000005399535,6.094346004870052
1e-08,52.99999998470047,47.000000005299526,6.066520058788194
1e-08,51.99999998480048,48.00000000519952,6.040648377448679
1e-08,50.99999998490049,49.00000000509951,6.016696911158872
1e-08,49.99999998500051,50.00000000499949,5.994637452685648
1e-08,48.999999985100516,51.00000000489948,5.974447466702951
1e-08,47.999999985200525,52.000000004799475,5.956109967838558
1e-08,46.99999998530053,53.000000004699466,5.9396134457486935
1e-08,45.99999998540054,54.00000000459946,5.924951836443022
1e-08,44.99999998550055,55.00000000449945,5.912124539861973
1e-08,43.99999998560056,56.00000000439944,5.901136484495382
1e-08,42.999999985700576,57.00000000429942,5.891998240648528
1e-08,41.999999985800585,58.000000004199414,5.88472618483299
1e-08,40.999999985900594,59.000000004099405,5.87934271871177
1e-08,39.9999999860006,60.000000003999396,5.875876547091572
1e-08,38.99999998610061,61.00000000389939,5.874363020665399
1e-08,37.99999998620063,62.00000000379937,5.874844550609283
1e-08,36.99999998630064,63.00000000369936,5.8773711037799385
1e-08,35.99999998640065,64.00000000359935,5.882000789211265
1e-08,34.999999986500654,65.00000000349935,5.888800548948118
1e-08,33.99999998660067,66.00000000339934,5.897846969089775
1e-08,32.999999986700686,67.00000000329932,5.909227230375302
1e-08,31.999999986800688,68.00000000319932,5.9230402218997344
1e-08,30.999999986900704,69.0000000030993,5.939397846825768
1e-08,29.999999987000706,70.0000000029993,5.958426555542142
1e-08,28.999999987100722,71.00000000289928,5.98026915000157
1e-08,27.999999987200738,72.00000000279927,6.0050869134608895
1e-08,26.99999998730074,73.00000000269927,6.033062133232666
1e-08,25.999999987400756,74.00000000259925,6.0644011012744885
1e-08,24.999999987500757,75.00000000249925,6.099337699767231
1e-08,23.999999987600773,76.00000000239923,6.138137708032524
1e-08,22.999999987700775,77.00000000229923,6.181104005679963
1e-08,21.99999998780079,78.00000000219922,6.2285828982416085
1e-08,20.999999987900807,79.0000000020992,6.280971860731044
1e-08,19.99999998800081,80.0000000019992,6.338729088780765
1e-08,18.999999988100825,81.00000000189918,6.402385376880478
1e-08,17.999999988200827,82.00000000179918,6.472559024598154
1e-08,16.999999988300843,83.00000000169916,6.549974728535481
1e-08,15.999999988400859,84.00000000159915,6.635487787236265
1e-08,14.99999998850086,85.00000000149915,6.730115486718295
1e-08,13.999999988600877,86.00000000139913,6.835078339646855
1e-08,12.999999988700878,87.00000000129913,6.9518550760581554
1e-08,11.999999988800894,88.00000000119911,7.082257189365026
1e-08,10.99999998890091,89.0000000010991,7.228531882986592
1e-08,9.999999989000912,90.0000000009991,7.3935072580542665
1e-08,8.999999989100928,91.00000000089908,7.580802056498177
1e-08,7.99999998920093,92.00000000079908,7.795137193421302
1e-08,6.999999989300932,93.00000000069907,8.04281373590881
1e-08,5.999999989400962,94.00000000059904,8.332474999318752
1e-08,4.999999989500964,95.00000000049904,8.676379262966707
1e-08,3.9999999896009797,96.00000000039903,9.09264992593632
1e-08,2.9999999897009815,97.00000000029902,9.609550991479741
1e-08,1.9999999898009833,98.00000000019902,10.274414509788562
1e-08,0.9999999899010135,99.00000000009899,11.174864950843322
1.00000000989999,98.99999998010001,1e-08,15.354330461014925
1.00000000989999,97.99999998020002,1.00000000989999,14.063859750332425
1.00000000989999,96.99999998030003,2.00000000979998,13.087457772535632
1.00000000989999,95.99999998040003,3.0000000096999697,12.312458850038407
1.00000000989999,94.99999998050005,4.00000000959996,11.676476572782667
1.00000000989999,93.99999998060007,5.000000009499949,11.141590428513213
1.00000000989999,92.99999998070007,6.0000000093999395,10.683152828242832
1.00000000989999,91.99999998080008,7.00000000929993,10.284310082123731
1.00000000989999,90.99999998090009,8.000000009199919,9.933070339061505
1.00000000989999,89.9999999810001,9.000000009099908,9.620623060578465
1.00000000989999,88.99999998110012,10.000000008999898,9.34032174669239
1.00000000989999,87.99999998120012,11.000000008899889,9.087040071342926
1.00000000989999,86.99999998130014,12.000000008799878,8.856748943121028
1.00000000989999,85.99999998140014,13.00000000869987,8.646229815125071
1.00000000989999,84.99999998150015,14.00000000859986,8.4528750392104
1.00000000989999,83.99999998160015,15.00000000849985,8.274545544128806
1.00000000989999,82.99999998170017,16.00000000839984,8.109467275994277
1.00000000989999,81.99999998180019,17.00000000829983,7.956154465705219
1.00000000989999,80.99999998190019,18.00000000819982,7.813351849042401
1.00000000989999,79.9999999820002,19.00000000809981,7.679990524617566
1.00000000989999,78.9999999821002,20.000000007999798,7.555153788490206
1.00000000989999,77.99999998220022,21.00000000789979,7.4380503767158475
1.00000000989999,76.99999998230024,22.00000000779978,7.32799328341153
1.00000000989999,75.99999998240024,23.000000007699768,7.224382827315124
1.00000000989999,74.99999998250026,24.00000000759976,7.126692992488624
1.00000000989999,73.99999998260026,25.000000007499747,7.034460318671159
1.00000000989999,72.99999998270027,26.000000007399738,6.947274796277171
1.00000000989999,71.99999998280029,27.00000000729973,6.864772351637247
1.00000000989999,70.99999998290029,28.00000000719972,6.786628604241236
1.00000000989999,69.99999998300031,29.000000007099707,6.712553649329033
1.00000000989999,68.99999998310031,30.0000000069997,6.642287673012635
1.00000000989999,67.99999998320033,31.000000006899686,6.575597247991598
1.00000000989999,66.99999998330033,32.00000000679968,6.512272189240914
1.00000000989999,65.99999998340033,33.00000000669967,6.452122873243901
1.00000000989999,64.99999998350035,34.000000006599656,6.394977943181328
1.00000000989999,63.99999998360036,35.00000000649965,6.340682337266528
1.00000000989999,62.99999998370037,36.00000000639964,6.289095589092168
1.00000000989999,61.99999998380038,37.00000000629963,6.240090358140794
1.00000000989999,60.99999998390039,38.00000000619962,6.19355115604566
1.00000000989999,59.999999984000404,39.000000006099604,6.14937324017632
1.00000000989999,58.99999998410041,40.000000005999595,6.1074616509762745
1.00000000989999,57.99999998420042,41.00000000589959,6.0677303734356185
1.00000000989999,56.99999998430043,42.00000000579958,6.030101606325417
1.00000000989999,55.99999998440044,43.00000000569957,5.99450512549615
1.00000000989999,54.99999998450045,44.00000000559956,5.960877729763313
1.00000000989999,53.999999984600464,45.000000005499544,5.929162759758245
1.00000000989999,52.99999998470047,46.000000005399535,5.899309681682693
1.00000000989999,51.99999998480048,47.000000005299526,5.871273729228386
1.00000000989999,50.99999998490049,48.00000000519952,5.845015598053878
1.00000000989999,49.9999999850005,49.00000000509951,5.820501188187888
1.00000000989999,48.999999985100516,50.00000000499949,5.7977013905819925
1.00000000989999,47.999999985200525,51.00000000489948,5.776591914791782
1.00000000989999,46.99999998530053,52.000000004799475,5.757153155446368
1.00000000989999,45.99999998540054,53.000000004699466,5.7393700957903615
1.00000000989999,44.99999998550055,54.00000000459946,5.72323224716718
1.00000000989999,43.99999998560056,55.00000000449945,5.708733623873002
1.00000000989999,42.99999998570057,56.00000000439944,5.695872753361579
1.00000000989999,41.999999985800585,57.00000000429942,5.684652722335979
1.00000000989999,40.999999985900594,58.000000004199414,5.67508125983848
1.00000000989999,39.9999999860006,59.000000004099405,5.667170859060341
1.00000000989999,38.99999998610061,60.000000003999396,5.660938940255783
1.00000000989999,37.99999998620062,61.00000000389939,5.656408057879059
1.00000000989999,36.99999998630064,62.00000000379937,5.653606155892244
1.00000000989999,35.99999998640065,63.00000000369936,5.652566876141726
1.00000000989999,34.999999986500654,64.00000000359935,5.653329925805273
1.00000000989999,33.999999986600656,65.00000000349935,5.655941511209414
1.00000000989999,32.99999998670067,66.00000000339934,5.660454846857658
1.00000000989999,31.999999986800688,67.00000000329932,5.66693075035589
1.00000000989999,30.99999998690069,68.00000000319932,5.675438336150097
1.00000000989999,29.999999987000706,69.0000000030993,5.6860558237028505
1.00000000989999,28.999999987100708,70.0000000029993,5.698871479056085
1.00000000989999,27.999999987200724,71.00000000289928,5.713984712823466
1.00000000989999,26.99999998730074,72.00000000279927,5.731507362740307
1.00000000989999,25.99999998740074,73.00000000269927,5.7515651952536935
1.00000000989999,24.999999987500757,74.00000000259925,5.774299668631579
1.00000000989999,23.99999998760076,75.00000000249925,5.799870010202139
1.00000000989999,22.999999987700775,76.00000000239923,5.82845567326807
1.00000000989999,21.999999987800777,77.00000000229923,5.860259255876176
1.00000000989999,20.999999987900793,78.00000000219922,5.8955099851928825
1.00000000989999,19.99999998800081,79.0000000020992,5.934467899444907
1.00000000989999,18.99999998810081,80.0000000019992,5.977428896610143
1.00000000989999,17.999999988200827,81.00000000189918,6.024730868646899
1.00000000989999,16.99999998830083,82.00000000179918,6.076761206834158
1.00000000989999,15.999999988400845,83.00000000169916,6.1339660547190045
1.00000000989999,14.99999998850086,84.00000000159915,6.196861810449641
1.00000000989999,13.999999988600862,85.00000000149915,6.266049555151887
1.00000000989999,12.999999988700878,86.00000000139913,6.342233331582549
1.00000000989999,11.99999998880088,87.00000000129913,6.426243553204908
1.00000000989999,10.999999988900896,88.00000000119911,6.519067344152903
1.00000000989999,9.999999989000912,89.0000000010991,6.621888385399768
1.00000000989999,8.999999989100914,90.0000000009991,6.736140020098188
1.00000000989999,7.99999998920093,91.00000000089908,6.863577201896425
1.00000000989999,6.999999989300932,92.00000000079908,7.0063757892867224
1.00000000989999,5.9999999894009335,93.00000000069907,7.167272478199476
1.00000000989999,4.999999989500964,94.00000000059904,7.349766779771682
1.00000000989999,3.9999999896009655,95.00000000049904,7.558420717612173
1.00000000989999,2.9999999897009815,96.00000000039903,7.799318100481125
1.00000000989999,1.9999999898009833,97.00000000029902,8.080795741491922
1.00000000989999,0.999999989900985,98.00000000019902,8.414662452263975
2.00000000979998,97.99999998020002,1e-08,13.778939050797115
2.00000000979998,96.99999998030003,1.00000000989999,12.838554378404899
2.00000000979998,95.99999998040003,2.00000000979998,12.0885015997228
2.00000000979998,94.99999998050005,3.0000000096999697,11.470791319615232
2.00000000979998,93.99999998060007,4.00000000959996,10.949838827065234
2.00000000979998,92.99999998070007,5.000000009499949,10.502351485822793
2.00000000979998,91.99999998080008,6.0000000093999395,10.112315495664946
2.00000000979998,90.99999998090009,7.00000000929993,9.768287346612354
2.00000000979998,89.9999999810001,8.000000009199919,9.46182974099216
2.00000000979998,88.99999998110012,9.000000009099908,9.186559082359057
2.00000000979998,87.99999998120012,10.000000008999898,8.937539599002905
2.00000000979998,86.99999998130014,11.000000008899889,8.71088369661374
2.00000000979998,85.99999998140014,12.000000008799878,8.503480094405576
2.00000000979998,84.99999998150015,13.00000000869987,8.31280392480448
2.00000000979998,83.99999998160015,14.00000000859986,8.13678099812863
2.00000000979998,82.99999998170017,15.00000000849985,7.973688804375306
2.00000000979998,81.99999998180019,16.00000000839984,7.8220830080659285
2.00000000979998,80.99999998190019,17.00000000829983,7.680741995957881
2.00000000979998,79.9999999820002,18.00000000819982,7.5486244425401505
2.00000000979998,78.9999999821002,19.00000000809981,7.424836416638126
2.00000000979998,77.99999998220022,20.000000007999798,7.308605584651658
2.00000000979998,76.99999998230024,21.00000000789979,7.199260763291049
2.00000000979998,75.99999998240024,22.00000000779978,7.096215554325044
2.00000000979998,74.99999998250026,23.000000007699768,6.998955129210824
2.00000000979998,73.99999998260026,24.00000000759976,6.907025469482016
2.00000000979998,72.99999998270027,25.000000007499747,6.8200245400246615
2.00000000979998,71.99999998280029,26.000000007399738,6.737594997166055
2.00000000979998,70.99999998290029,27.00000000729973,6.659418125513977
2.00000000979998,69.9999999830003,28.00000000719972,6.585208766067367
2.00000000979998,68.99999998310031,29.000000007099707,6.514711049760415
2.00000000979998,67.99999998320033,30.0000000069997,6.447694789854533
2.00000000979998,66.99999998330034,31.000000006899686,6.38395241669384
2.00000000979998,65.99999998340033,32.00000000679968,6.323296361615601
2.00000000979998,64.99999998350035,33.00000000669967,6.265556814945857
2.00000000979998,63.99999998360036,34.000000006599656,6.210579797250761
2.00000000979998,62.99999998370037,35.00000000649965,6.158225494271775
2.00000000979998,61.99999998380038,36.00000000639964,6.1083668149317045
2.00000000979998,60.99999998390039,37.00000000629963,6.060888138973043
2.00000000979998,59.9999999840004,38.00000000619962,6.015684226570474
2.00000000979998,58.99999998410041,39.000000006099604,5.972659266943532
2.00000000979998,57.99999998420042,40.000000005999595,5.931726046812964
2.00000000979998,56.99999998430043,41.00000000589959,5.892805222672409
2.00000000979998,55.99999998440044,42.00000000579958,5.855824683424715
2.00000000979998,54.99999998450045,43.00000000569957,5.820718992067347
2.00000000979998,53.99999998460046,44.00000000559956,5.787428896890508
2.00000000979998,52.99999998470047,45.000000005499544,5.755900904142261
2.00000000979998,51.99999998480048,46.000000005399535,5.726086905371792
2.00000000979998,50.99999998490049,47.000000005299526,5.6979438537289235
2.00000000979998,49.9999999850005,48.00000000519952,5.6714334844102625
2.00000000979998,48.99999998510051,49.00000000509951,5.646522075229247
2.00000000979998,47.999999985200525,50.00000000499949,5.623180243972466
2.00000000979998,46.99999998530053,51.00000000489948,5.601382779808079
2.00000000979998,45.99999998540054,52.000000004799475,5.5811085065506285
2.00000000979998,44.99999998550055,53.000000004699466,5.562340176074407
2.00000000979998,43.99999998560056,54.00000000459946,5.545064390617404
2.00000000979998,42.99999998570057,55.00000000449945,5.529271553141097
2.00000000979998,41.99999998580058,56.00000000439944,5.5149558453181005
2.00000000979998,40.999999985900594,57.00000000429942,5.502115233120021
2.00000000979998,39.9999999860006,58.000000004199414,5.490751500381394
2.00000000979998,38.99999998610061,59.000000004099405,5.480870311132241
2.00000000979998,37.99999998620062,60.000000003999396,5.472481301932115
2.00000000979998,36.99999998630063,61.00000000389939,5.465598205913831
2.00000000979998,35.99999998640065,62.00000000379937,5.460239010768693
2.00000000979998,34.999999986500654,63.00000000369936,5.456426153491263
2.00000000979998,33.99999998660067,64.00000000359935,5.454186755368709
2.00000000979998,32.99999998670067,65.00000000349935,5.453552901468037
2.00000000979998,31.999999986800688,66.00000000339934,5.454561969769836
2.00000000979998,30.999999986900704,67.00000000329932,5.457257016150507
2.00000000979998,29.999999987000706,68.00000000319932,5.461687222665152
2.00000000979998,28.999999987100722,69.0000000030993,5.467908418078631
2.00000000979998,27.999999987200724,70.0000000029993,5.475983681393346
2.00000000979998,26.99999998730074,71.00000000289928,5.485984041306287
2.00000000979998,25.999999987400756,72.00000000279927,5.497989287193029
2.00000000979998,24.999999987500757,73.00000000269927,5.512088910488772
2.00000000979998,23.999999987600773,74.00000000259925,5.52838319937981
2.00000000979998,22.999999987700775,75.00000000249925,5.5469845147459
2.00000000979998,21.99999998780079,76.00000000239923,5.568018781583978
2.00000000979998,20.999999987900793,77.00000000229923,5.591627238066749
2.00000000979998,19.99999998800081,78.00000000219922,5.617968494438013
2.00000000979998,18.999999988100825,79.0000000020992,5.647220966783055
2.00000000979998,17.999999988200827,80.0000000019992,5.679585767235393
2.00000000979998,16.999999988300843,81.00000000189918,5.71529015362083
2.00000000979998,15.999999988400845,82.00000000179918,5.75459166959762
2.00000000979998,14.99999998850086,83.00000000169916,5.797783143405078
2.00000000979998,13.999999988600877,84.00000000159915,5.845198762743952
2.00000000979998,12.999999988700878,85.00000000149915,5.897221509889737
2.00000000979998,11.999999988800894,86.00000000139913,5.954292331858279
2.00000000979998,10.999999988900896,87.00000000129913,6.0169215455533465
2.00000000979998,9.999999989000912,88.00000000119911,6.085703152632662
2.00000000979998,8.999999989100928,89.0000000010991,6.1613329865572855
2.00000000979998,7.99999998920093,90.0000000009991,6.244631970821071
2.00000000979998,6.999999989300946,91.00000000089908,6.336576289223787
2.00000000979998,5.999999989400948,92.00000000079908,6.43833704724844
2.00000000979998,4.9999999895009495,93.00000000069907,6.5513331880998305
2.00000000979998,3.9999999896009797,94.00000000059904,6.677303271477766
2.00000000979998,2.9999999897009815,95.00000000049904,6.8184046696423035
2.00000000979998,1.9999999898009975,96.00000000039903,6.977353579193407
2.00000000979998,0.9999999899009993,97.00000000029902,7.157627473742471
3.0000000096999697,96.99999998030003,1e-08,12.672912400437124
3.0000000096999697,95.99999998040003,1.00000000989999,11.933980338105604
3.0000000096999697,94.99999998050005,2.00000000979998,11.324675409231162
3.0000000096999697,93.99999998060007,3.0000000096999697,10.810304158037237
3.0000000096999697,92.99999998070007,4.00000000959996,10.368104788020716
3.0000000096999697,91.99999998080008,5.000000009499949,9.982400642840801
3.0000000096999697,90.99999998090009,6.0000000093999395,9.641973350375032
3.0000000096999697,89.9999999810001,7.00000000929993,9.33854212418697
3.0000000096999697,88.9999999811001,8.000000009199919,9.065835810717187
3.0000000096999697,87.99999998120012,9.000000009099908,8.81900166127514
3.0000000096999697,86.99999998130014,10.000000008999898,8.594214810284683
3.0000000096999697,85.99999998140014,11.000000008899889,8.388412309132459
3.0000000096999697,84.99999998150015,12.000000008799878,8.19910715933411
3.0000000096999697,83.99999998160015,13.00000000869987,8.024255273129981
3.0000000096999697,82.99999998170017,14.00000000859986,7.862158367538783
3.0000000096999697,81.99999998180019,15.00000000849985,7.711391815553582
3.0000000096999697,80.99999998190019,16.00000000839984,7.5707501843244005
3.0000000096999697,79.9999999820002,17.00000000829983,7.439205536034499
3.0000000096999697,78.9999999821002,18.00000000819982,7.315875088654034
3.0000000096999697,77.99999998220022,19.00000000809981,7.199995842355787
3.0000000096999697,76.99999998230024,20.000000007999798,7.090904459301263
3.0000000096999697,75.99999998240024,21.00000000789979,6.988021153877267
3.0000000096999697,74.99999998250024,22.00000000779978,6.890836678840963
3.0000000096999697,73.99999998260026,23.000000007699768,6.798901726019069
3.0000000096999697,72.99999998270027,24.00000000759976,6.711818228082282
3.0000000096999697,71.99999998280029,25.000000007499747,6.629232170308108
3.0000000096999697,70.99999998290029,26.000000007399738,6.550827611525806
3.0000000096999697,69.9999999830003,27.00000000729973,6.476321680757514
3.0000000096999697,68.99999998310031,28.00000000719972,6.40546036677764
3.0000000096999697,67.99999998320033,29.000000007099707,6.338014956369578
3.0000000096999697,66.99999998330034,30.0000000069997,6.273779006635419
3.0000000096999697,65.99999998340034,31.000000006899686,6.212565759590816
3.0000000096999697,64.99999998350035,32.00000000679968,6.154205925109131
3.0000000096999697,63.99999998360036,33.00000000669967,6.098545772281058
3.0000000096999697,62.99999998370038,34.000000006599656,6.045445480326937
3.0000000096999697,61.999999983800386,35.00000000649965,5.994777709010239
3.0000000096999697,60.999999983900395,36.00000000639964,5.946426355557052
3.0000000096999697,59.999999984000404,37.00000000629963,5.900285470771287
3.0000000096999697,58.99999998410041,38.00000000619962,5.856258311641326
3.0000000096999697,57.99999998420043,39.000000006099604,5.814256511486139
3.0000000096999697,56.99999998430044,40.000000005999595,5.774199351762251
3.0000000096999697,55.999999984400446,41.00000000589959,5.736013122182874
3.0000000096999697,54.999999984500455,42.00000000579958,5.6996305578941815
3.0000000096999697,53.999999984600464,43.00000000569957,5.664990344194846
3.0000000096999697,52.99999998470047,44.00000000559956,5.632036680740556
3.0000000096999697,51.99999998480049,45.000000005499544,5.600718898398557
3.0000000096999697,50.9999999849005,46.000000005399535,5.570991122951024
3.0000000096999697,49.99999998500051,47.000000005299526,5.542811980724976
3.0000000096999697,48.999999985100516,48.00000000519952,5.5161443419783245
3.0000000096999697,47.999999985200525,49.00000000509951,5.490955098519861
3.0000000096999697,46.99999998530054,50.00000000499949,5.467214972604034
3.0000000096999697,45.99999998540055,51.00000000489948,5.444898354635433
3.0000000096999697,44.99999998550056,52.000000004799475,5.423983167655907
3.0000000096999697,43.99999998560057,53.000000004699466,5.404450756980694
3.0000000096999697,42.999999985700576,54.00000000459946,5.386285803708479
3.0000000096999697,41.999999985800585,55.00000000449945,5.369476261162523
3.0000000096999697,40.999999985900594,56.00000000439944,5.354013313633756
3.0000000096999697,39.99999998600061,57.00000000429942,5.339891357099026
3.0000000096999697,38.99999998610062,58.000000004199414,5.327108001885596
3.0000000096999697,37.99999998620063,59.000000004099405,5.3156640975529825
3.0000000096999697,36.99999998630064,60.000000003999396,5.305563780572536
3.0000000096999697,35.99999998640064,61.00000000389939,5.296814545710727
3.0000000096999697,34.999999986500654,62.00000000379937,5.2894273423721545
3.0000000096999697,33.99999998660067,63.00000000369936,5.283416697541454
3.0000000096999697,32.99999998670067,64.00000000359935,5.2788008673897755
3.0000000096999697,31.999999986800674,65.00000000349935,5.275602020093246
3.0000000096999697,30.99999998690069,66.00000000339934,5.273846452961689
3.0000000096999697,29.999999987000706,67.00000000329932,5.273564847612857
3.0000000096999697,28.999999987100708,68.00000000319932,5.274792567671005
3.0000000096999697,27.999999987200724,69.0000000030993,5.277570004343933
3.0000000096999697,26.999999987300725,70.0000000029993,5.281942976270718
3.0000000096999697,25.99999998740074,71.00000000289928,5.287963191272131
3.0000000096999697,24.999999987500757,72.00000000279927,5.29568877912563
3.0000000096999697,23.99999998760076,73.00000000269927,5.305184906288315
3.0000000096999697,22.999999987700775,74.00000000259925,5.316524485682333
3.0000000096999697,21.999999987800777,75.00000000249925,5.329788997337556
3.0000000096999697,20.999999987900793,76.00000000239923,5.345069438984493
3.0000000096999697,19.999999988000795,77.00000000229923,5.362467429772638
3.0000000096999697,18.99999998810081,78.00000000219922,5.382096495372919
3.0000000096999697,17.999999988200827,79.0000000020992,5.404083569093173
3.0000000096999697,16.99999998830083,80.0000000019992,5.428570751670567
3.0000000096999697,15.999999988400845,81.00000000189918,5.45571738260936
3.0000000096999697,14.999999988500846,82.00000000179918,5.485702488985962
3.0000000096999697,13.999999988600862,83.00000000169916,5.518727694469032
3.0000000096999697,12.999999988700878,84.00000000159915,5.555020693166245
3.0000000096999697,11.99999998880088,85.00000000149915,5.594839421565118
3.0000000096999697,10.999999988900896,86.00000000139913,5.6384770997383455
3.0000000096999697,9.999999989000898,87.00000000129913,5.6862683636121725
3.0000000096999697,8.999999989100914,88.00000000119911,5.738596778436296
3.0000000096999697,7.99999998920093,89.0000000010991,5.79590411689089
3.0000000096999697,6.999999989300932,90.0000000009991,5.85870191419886
3.0000000096999697,5.999999989400948,91.00000000089908,5.927585993160268
3.0000000096999697,4.9999999895009495,92.00000000079908,6.003254908511318
3.0000000096999697,3.9999999896009513,93.00000000069907,6.086533630120265
3.0000000096999697,2.9999999897009815,94.00000000059904,6.178404327842496
3.0000000096999697,1.9999999898009833,95.00000000049904,6.2800469336110005
3.0000000096999697,0.9999999899009993,96.00000000039903,6.392893397798799
4.00000000959996,95.99999998040003,1e-08,11.83913869352898
4.00000000959996,94.99999998050005,1.00000000989999,11.229868965136681
4.00000000959996,93.99999998060007,2.00000000979998,10.71581315254975
4.00000000959996,92.99999998070007,3.0000000096999697,10.274058920544396
4.00000000959996,91.99999998080008,4.00000000959996,9.888848072126674
4.00000000959996,90.99999998090009,5.000000009499949,9.548916671236917
4.00000000959996,89.9999999810001,6.0000000093999395,9.245958078741012
4.00000000959996,88.9999999811001,7.00000000929993,8.973686496885916
4.00000000959996,87.99999998120012,8.000000009199919,8.72724108107589
4.00000000959996,86.99999998130014,9.000000009099908,8.502792764773275
4.00000000959996,85.99999998140014,10.000000008999898,8.297276735489135
4.00000000959996,84.99999998150015,11.000000008899889,8.108205530478108
4.00000000959996,83.99999998160015,12.000000008799878,7.933535422183032
4.00000000959996,82.99999998170017,13.00000000869987,7.771568954281027
4.00000000959996,81.99999998180019,14.00000000859986,7.620882567850583
4.00000000959996,80.99999998190019,15.00000000849985,7.480271997426508
4.00000000959996,79.99999998200019,16.00000000839984,7.348710482177257
4.00000000959996,78.9999999821002,17.00000000829983,7.225316370481694
4.00000000959996,77.99999998220022,18.00000000819982,7.109327711760804
4.00000000959996,76.99999998230024,19.00000000809981,7.000082115637316
4.00000000959996,75.99999998240024,20.000000007999798,6.897000630556408
4.00000000959996,74.99999998250024,21.00000000789979,6.799574724087964
4.00000000959996,73.99999998260026,22.00000000779978,6.707355681420031
4.00000000959996,72.99999998270027,23.000000007699768,6.6199459071467235
4.00000000959996,71.99999998280029,24.00000000759976,6.536991738318385
4.00000000959996,70.99999998290029,25.000000007499747,6.458177467316283
4.00000000959996,69.9999999830003,26.000000007399738,6.383220340643572
4.00000000959996,68.99999998310031,27.00000000729973,6.3118663505727195
4.00000000959996,67.99999998320033,28.00000000719972,6.243886675240444
4.00000000959996,66.99999998330034,29.000000007099707,6.179074652420909
4.00000000959996,65.99999998340034,30.0000000069997,6.117243195125967
4.00000000959996,64.99999998350035,31.000000006899686,6.05822257504047
4.00000000959996,63.99999998360036,32.00000000679968,6.001858513820005
4.00000000959996,62.99999998370037,33.00000000669967,5.9480105333596445
4.00000000959996,61.999999983800386,34.000000006599656,5.896550524958986
4.00000000959996,60.999999983900395,35.00000000649965,5.847361504367007
4.00000000959996,59.999999984000404,36.00000000639964,5.800336525374583
4.00000000959996,58.99999998410041,37.00000000629963,5.755377729226
4.00000000959996,57.99999998420042,38.00000000619962,5.712395510869219
4.00000000959996,56.99999998430044,39.000000006099604,5.671307786132729
4.00000000959996,55.999999984400446,40.000000005999595,5.632039346440751
4.00000000959996,54.999999984500455,41.00000000589959,5.594521289764827
4.00000000959996,53.999999984600464,42.00000000579958,5.55869051824292
4.00000000959996,52.99999998470047,43.00000000569957,5.524489294343477
4.00000000959996,51.99999998480048,44.00000000559956,5.491864848664816
4.00000000959996,50.9999999849005,45.000000005499544,5.4607690334823955
4.00000000959996,49.99999998500051,46.000000005399535,5.431158017022111
4.00000000959996,48.999999985100516,47.000000005299526,5.402992014175057
4.00000000959996,47.999999985200525,48.00000000519952,5.376235050000284
4.00000000959996,46.99999998530053,49.00000000509951,5.350854752906278
4.00000000959996,45.99999998540055,50.00000000499949,5.326822174873903
4.00000000959996,44.99999998550056,51.00000000489948,5.304111636496705
4.00000000959996,43.99999998560057,52.000000004799475,5.282700594979114
4.00000000959996,42.999999985700576,53.000000004699466,5.262569533558514
4.00000000959996,41.999999985800585,54.00000000459946,5.243701871111089
4.00000000959996,40.999999985900594,55.00000000449945,5.226083890970623
4.00000000959996,39.9999999860006,56.00000000439944,5.209704688240049
4.00000000959996,38.99999998610062,57.00000000429942,5.19455613511299
4.00000000959996,37.99999998620063,58.000000004199414,5.1806328639519394
4.00000000959996,36.99999998630064,59.000000004099405,5.1679322680959
4.00000000959996,35.99999998640064,60.000000003999396,5.156454520598143
4.00000000959996,34.999999986500654,61.00000000389939,5.146202611329113
4.00000000959996,33.99999998660067,62.00000000379937,5.137182403125621
4.00000000959996,32.99999998670067,63.00000000369936,5.129402707930937
4.00000000959996,31.999999986800688,64.00000000359935,5.122875384157424
4.00000000959996,30.99999998690069,65.00000000349935,5.117615456821112
4.00000000959996,29.999999987000706,66.00000000339934,5.113641262354214
4.00000000959996,28.999999987100722,67.00000000329932,5.1109746204068935
4.00000000959996,27.999999987200724,68.00000000319932,5.1096410354149375
4.00000000959996,26.99999998730074,69.0000000030993,5.109669931249478
4.00000000959996,25.99999998740074,70.0000000029993,5.111094922895334
4.00000000959996,24.999999987500757,71.00000000289928,5.113954129846754
4.00000000959996,23.999999987600773,72.00000000279927,5.11829053678894
4.00000000959996,22.999999987700775,73.00000000269927,5.124152408182506
4.00000000959996,21.99999998780079,74.00000000259925,5.1315937646260155
4.00000000959996,20.999999987900793,75.00000000249925,5.140674930388805
4.00000000959996,19.99999998800081,76.00000000239923,5.151463163346222
4.00000000959996,18.99999998810081,77.00000000229923,5.164033380792818
4.00000000959996,17.999999988200827,78.00000000219922,5.178468997359642
4.00000000959996,16.999999988300843,79.0000000020992,5.194862894653308
4.00000000959996,15.999999988400845,80.0000000019992,5.213318546440339
4.00000000959996,14.99999998850086,81.00000000189918,5.233951328447554
4.00000000959996,13.999999988600862,82.00000000179918,5.256890048436567
4.00000000959996,12.999999988700878,83.00000000169916,5.28227874053467
4.00000000959996,11.999999988800894,84.00000000159915,5.310278778395846
4.00000000959996,10.999999988900896,85.00000000149915,5.341071375340561
4.00000000959996,9.999999989000912,86.00000000139913,5.374860557156051
4.00000000959996,8.999999989100914,87.00000000129913,5.411876716070264
4.00000000959996,7.99999998920093,88.00000000119911,5.4523808844035715
4.00000000959996,6.999999989300946,89.0000000010991,5.496669906166407
4.00000000959996,5.999999989400948,90.0000000009991,5.545082738120014
4.00000000959996,4.999999989500964,91.00000000089908,5.5980081838920475
4.00000000959996,3.9999999896009655,92.00000000079908,5.655894463423351
4.00000000959996,2.9999999897009673,93.00000000069907,5.719261156833368
4.00000000959996,1.9999999898009975,94.00000000059904,5.788714254032299
4.00000000959996,0.9999999899009993,95.00000000049904,5.864965315525774
5.000000009499949,94.99999998050005,1e-08,11.18100212095549
5.000000009499949,93.99999998060007,1.00000000989999,10.66155166951324
5.000000009499949,92.99999998070007,2.00000000979998,10.215841248302846
5.000000009499949,91.99999998080008,3.0000000096999697,9.827642501047935
5.000000009499949,90.99999998090009,4.00000000959996,9.485395756513634
5.000000009499949,89.9999999810001,5.000000009499949,9.180600595097903
5.000000009499949,88.9999999811001,6.0000000093999395,8.906839901659438
5.000000009499949,87.99999998120012,7.00000000929993,8.65916129857055
5.000000009499949,86.99999998130014,8.000000009199919,8.433670366721422
5.000000009499949,85.99999998140014,9.000000009099908,8.22725465486021
5.000000009499949,84.99999998150015,10.000000008999898,8.037391336859422
5.000000009499949,83.99999998160015,11.000000008899889,7.862010006933165
5.000000009499949,82.99999998170017,12.000000008799878,7.699392788087588
5.000000009499949,81.99999998180019,13.00000000869987,7.548100281725285
5.000000009499949,80.99999998190019,14.00000000859986,7.406915783810645
5.000000009499949,79.9999999820002,15.00000000849985,7.274802651558846
5.000000009499949,78.9999999821002,16.00000000839984,7.150871294304428
5.000000009499949,77.99999998220022,17.00000000829983,7.0343533131225175
5.000000009499949,76.99999998230024,18.00000000819982,6.924581022532489
5.000000009499949,75.99999998240024,19.00000000809981,6.8209710743427605
5.000000009499949,74.99999998250026,20.000000007999798,6.7230112435053035
5.000000009499949,73.99999998260026,21.00000000789979,6.63024967669087
5.000000009499949,72.99999998270027,22.00000000779978,6.54228607737456
5.000000009499949,71.99999998280029,23.000000007699768,6.458764427199519
5.000000009499949,70.99999998290029,24.00000000759976,6.3793669361704275
5.000000009499949,69.99999998300031,25.000000007499747,6.303808983316443
5.000000009499949,68.99999998310031,26.000000007399738,6.231834861433486
5.000000009499949,67.99999998320033,27.00000000729973,6.163214178982365
5.000000009499949,66.99999998330033,28.00000000719972,6.097738802457915
5.000000009499949,65.99999998340034,29.000000007099707,6.035220245906202
5.000000009499949,64.99999998350035,30.0000000069997,5.975487432457411
5.000000009499949,63.99999998360036,31.000000006899686,5.9183847670107985
5.000000009499949,62.99999998370037,32.00000000679968,5.863770470478286
5.000000009499949,61.99999998380038,33.00000000669967,5.811515134953918
5.000000009499949,60.999999983900395,34.000000006599656,5.7615004663450184
5.000000009499949,59.999999984000404,35.00000000649965,5.713618186769971
5.000000009499949,58.99999998410041,36.00000000639964,5.667769073696466
5.000000009499949,57.99999998420042,37.00000000629963,5.623862116592987
5.000000009499949,56.99999998430043,38.00000000619962,5.581813774973229
5.000000009499949,55.999999984400446,39.000000006099604,5.541547324266881
5.000000009499949,54.999999984500455,40.000000005999595,5.502992278059075
5.000000009499949,53.999999984600464,41.00000000589959,5.466083876990707
5.000000009499949,52.99999998470047,42.00000000579958,5.4307626360701855
5.000000009499949,51.99999998480048,43.00000000569957,5.396973943368298
5.000000009499949,50.99999998490049,44.00000000559956,5.364667704094787
5.000000009499949,49.99999998500051,45.000000005499544,5.333798024922727
5.000000009499949,48.999999985100516,46.000000005399535,5.30432293416324
5.000000009499949,47.999999985200525,47.000000005299526,5.276204134021033
5.000000009499949,46.99999998530053,48.00000000519952,5.24940678169962
5.000000009499949,45.99999998540054,49.00000000509951,5.2238992965893045
5.000000009499949,44.99999998550056,50.00000000499949,5.1996531911734225
5.000000009499949,43.99999998560057,51.00000000489948,5.1766429236401335
5.000000009499949,42.999999985700576,52.000000004799475,5.154845770496347
5.000000009499949,41.999999985800585,53.000000004699466,5.134241717755314
5.000000009499949,40.999999985900594,54.00000000459946,5.114813369516065
5.000000009499949,39.9999999860006,55.00000000449945,5.096545872976691
5.000000009499949,38.99999998610061,56.00000000439944,5.079426859129686
5.000000009499949,37.99999998620063,57.00000000429942,5.063446398580048
5.000000009499949,36.99999998630064,58.000000004199414,5.048596972109941
5.000000009499949,35.99999998640064,59.000000004099405,5.0348734557908905
5.000000009499949,34.999999986500654,60.000000003999396,5.022273120619398
5.000000009499949,33.99999998660067,61.00000000389939,5.010795646827989
5.000000009499949,32.999999986700686,62.00000000379937,5.000443153204686
5.000000009499949,31.999999986800688,63.00000000369936,4.991220241943451
5.000000009499949,30.99999998690069,64.00000000359935,4.983134059750354
5.000000009499949,29.999999987000706,65.00000000349935,4.976194376149628
5.000000009499949,28.999999987100722,66.00000000339934,4.970413680175426
5.000000009499949,27.999999987200738,67.00000000329932,4.965807296904958
5.000000009499949,26.999999987300725,68.00000000319932,4.962393525593419
5.000000009499949,25.99999998740074,69.0000000030993,4.960193801519158
5.000000009499949,24.999999987500757,70.0000000029993,4.959232884048292
5.000000009499949,23.999999987600773,71.00000000289928,4.959539073893369
5.000000009499949,22.99999998770079,72.00000000279927,4.961144463084989
5.000000009499949,21.999999987800777,73.00000000269927,4.9640852218158775
