% (Hf),% (Ti),% (Zr),kappa_lattice
1e-08,1e-08,99.99999998,15.586145597236783
1e-08,0.5000000099499949,99.49999998005,14.311042230717014
1e-08,1.00000000989999,98.99999998010001,13.35093696794151
1e-08,1.5000000098499848,98.49999998015002,12.590930548828497
1e-08,2.00000000979998,97.99999998020002,11.968243035059684
1e-08,2.500000009749975,97.49999998025002,11.44503587731797
1e-08,3.0000000096999697,96.99999998030003,10.99685360919611
1e-08,3.5000000096499653,96.49999998035004,10.607039496837546
1e-08,4.00000000959996,95.99999998040003,10.263774817640963
1e-08,4.500000009549955,95.49999998045004,9.958393554531902
1e-08,5.000000009499949,94.99999998050005,9.684367554706453
1e-08,5.500000009449945,94.49999998055006,9.436666807972458
1e-08,6.0000000093999395,93.99999998060007,9.211340571503932
1e-08,6.500000009349933,93.49999998065007,9.00523415831573
1e-08,7.00000000929993,92.99999998070007,8.815792118645682
1e-08,7.500000009249924,92.49999998075008,8.640918166607161
1e-08,8.000000009199919,91.99999998080008,8.47887339432858
1e-08,8.500000009149913,91.49999998085009,8.32820093623151
1e-08,9.000000009099908,90.99999998090009,8.187669291205875
1e-08,9.500000009049904,90.4999999809501,8.056229053157828
1e-08,10.000000008999898,89.9999999810001,7.932979439550126
1e-08,10.500000008949893,89.49999998105011,7.817142088329646
1e-08,11.000000008899889,88.9999999811001,7.70804032087191
1e-08,11.500000008849884,88.49999998115011,7.6050825669988456
1e-08,12.000000008799878,87.99999998120012,7.5077489954961525
1e-08,12.500000008749874,87.49999998125013,7.415580639379864
1e-08,13.00000000869987,86.99999998130014,7.3281704815804645
1e-08,13.500000008649865,86.49999998135013,7.24515609496856
1e-08,14.00000000859986,85.99999998140014,7.166213525006555
1e-08,14.500000008549854,85.49999998145015,7.0910521735064
1e-08,15.00000000849985,84.99999998150015,7.019410494731841
1e-08,15.500000008449843,84.49999998155016,6.951052355118684
1e-08,16.00000000839984,83.99999998160015,6.885763938539365
1e-08,16.500000008349836,83.49999998165016,6.823351102705451
1e-08,17.00000000829983,82.99999998170017,6.763637110719434
1e-08,17.500000008249824,82.49999998175018,6.706460676226571
1e-08,18.00000000819982,81.99999998180019,6.651674272016526
1e-08,18.500000008149815,81.49999998185018,6.5991426609834445
1e-08,19.00000000809981,80.99999998190019,6.5487416155964775
1e-08,19.500000008049803,80.4999999819502,6.500356797859227
1e-08,20.000000007999798,79.9999999820002,6.453882776449305
1e-08,20.500000007949794,79.49999998205021,6.4092221615611615
1e-08,21.00000000789979,78.9999999821002,6.366284841107379
1e-08,21.500000007849785,78.49999998215021,6.3249873045053375
1e-08,22.00000000779978,77.99999998220022,6.285252042397884
1e-08,22.500000007749772,77.49999998225023,6.247007012414542
1e-08,23.000000007699768,76.99999998230024,6.210185162542504
1e-08,23.500000007649763,76.49999998235023,6.174724004898358
1e-08,24.00000000759976,75.99999998240024,6.140565233716224
1e-08,24.500000007549755,75.49999998245025,6.107654382230096
1e-08,25.000000007499747,74.99999998250026,6.075940513856553
1e-08,25.500000007449742,74.49999998255026,6.045375943701153
1e-08,26.000000007399738,73.99999998260026,6.015915986936443
1e-08,26.500000007349733,73.49999998265027,5.987518731047074
1e-08,27.00000000729973,72.99999998270027,5.960144829320146
1e-08,27.500000007249724,72.49999998275027,5.933757313287426
1e-08,28.00000000719972,71.99999998280028,5.908321422108331
1e-08,28.500000007149712,71.49999998285028,5.883804447126361
1e-08,29.000000007099707,70.99999998290029,5.860175590042338
1e-08,29.500000007049703,70.4999999829503,5.837405833330324
1e-08,30.0000000069997,69.9999999830003,5.815467821681123
1e-08,30.500000006949694,69.4999999830503,5.794335753396197
1e-08,31.000000006899686,68.99999998310031,5.773985280775911
1e-08,31.50000000684968,68.49999998315032,5.754393418651378
1e-08,32.00000000679968,67.99999998320033,5.735538460302026
1e-08,32.50000000674967,67.49999998325032,5.717399900082264
1e-08,33.00000000669967,66.99999998330033,5.699958362152373
1e-08,33.500000006649664,66.49999998335034,5.683195534771971
1e-08,34.000000006599656,65.99999998340034,5.66709410967027
1e-08,34.500000006549655,65.49999998345035,5.651637726056862
1e-08,35.00000000649965,64.99999998350035,5.636810918880673
1e-08,35.500000006449646,64.49999998355035,5.622599070983782
1e-08,36.00000000639964,63.99999998360036,5.608988368831515
1e-08,36.50000000634963,63.49999998365037,5.595965761531267
1e-08,37.00000000629963,62.99999998370037,5.583518922880192
1e-08,37.50000000624962,62.49999998375038,5.571636216206681
1e-08,38.00000000619962,61.99999998380038,5.560306661792766
1e-08,38.50000000614961,61.49999998385039,5.54951990668463
1e-08,39.000000006099604,60.999999983900395,5.53926619671623
1e-08,39.5000000060496,60.499999983950396,5.529536350587372
1e-08,40.000000005999595,59.999999984000404,5.52032173585208
1e-08,40.500000005949595,59.499999984050405,5.511614246686368
1e-08,41.00000000589959,58.99999998410041,5.503406283316518
1e-08,41.50000000584958,58.49999998415042,5.495690732999797
1e-08,42.00000000579958,57.99999998420042,5.488460952459456
1e-08,42.50000000574957,57.49999998425043,5.481710751684914
1e-08,43.00000000569957,56.99999998430043,5.475434379016179
1e-08,43.50000000564956,56.49999998435044,5.469626507439203
1e-08,44.00000000559956,55.99999998440044,5.464282222025731
1e-08,44.50000000554955,55.49999998445045,5.459397008457605
1e-08,45.000000005499544,54.999999984500455,5.454966742581367
1e-08,45.50000000544954,54.499999984550456,5.450987680944481
1e-08,46.000000005399535,53.999999984600464,5.447456452269516
1e-08,46.500000005349534,53.499999984650465,5.444370049827449
1e-08,47.000000005299526,52.99999998470047,5.441725824675522
1e-08,47.50000000524952,52.49999998475048,5.439521479729483
1e-08,48.00000000519952,51.99999998480048,5.437755064643755
1e-08,48.500000005149516,51.49999998485048,5.436424971476945
1e-08,49.00000000509951,50.99999998490049,5.435529931123674
1e-08,49.5000000050495,50.4999999849505,5.435069010497115
1e-08,50.00000000499949,49.99999998500051,5.435041610449932
1e-08,50.5000000049495,49.4999999850505,5.435447464424641
1e-08,51.00000000489948,48.999999985100516,5.436286637827437
1e-08,51.500000004849475,48.499999985150524,5.437559528122794
1e-08,52.000000004799475,47.999999985200525,5.439266865649181
1e-08,52.50000000474947,47.49999998525053,5.4414097151593275
1e-08,53.000000004699466,46.99999998530053,5.443989478091689
1e-08,53.500000004649465,46.499999985350534,5.447007895582834
1e-08,54.00000000459946,45.99999998540054,5.4504670522338365
1e-08,54.500000004549456,45.49999998545054,5.454369380647002
1e-08,55.00000000449945,44.99999998550055,5.458717666752797
1e-08,55.50000000444945,44.49999998555055,5.463515055950441
1e-08,56.00000000439944,43.99999998560056,5.468765060089352
1e-08,56.500000004349424,43.499999985650575,5.474471565322739
1e-08,57.00000000429942,42.999999985700576,5.480638840868728
1e-08,57.500000004249415,42.499999985750584,5.487271548718992
1e-08,58.000000004199414,41.999999985800585,5.494374754339628
1e-08,58.50000000414941,41.499999985850586,5.501953938414186
1e-08,59.000000004099405,40.999999985900594,5.510015009684258
1e-08,59.500000004049404,40.499999985950595,5.518564318949097
1e-08,60.000000003999396,39.9999999860006,5.527608674292193
1e-08,60.500000003949395,39.499999986050604,5.537155357609784
1e-08,61.00000000389939,38.99999998610061,5.547212142523985
1e-08,61.50000000384937,38.49999998615063,5.557787313771666
1e-08,62.00000000379937,37.99999998620063,5.568889688169316
1e-08,62.50000000374937,37.49999998625063,5.58052863726434
1e-08,63.00000000369936,36.99999998630064,5.5927141117942805
1e-08,63.50000000364936,36.49999998635064,5.605456668087717
1e-08,64.00000000359935,35.99999998640065,5.618767496554109
1e-08,64.50000000354935,35.49999998645066,5.632658452424822
1e-08,65.00000000349935,34.999999986500654,5.6471420889241095
1e-08,65.50000000344934,34.49999998655066,5.662231693067235
1e-08,66.00000000339934,33.99999998660067,5.677941324303382
1e-08,66.50000000334934,33.499999986650664,5.694285856243743
1e-08,67.00000000329932,32.999999986700686,5.711281021740636
1e-08,67.50000000324931,32.499999986750694,5.7289434616118955
1e-08,68.00000000319932,31.999999986800688,5.747290777336579
1e-08,68.50000000314931,31.499999986850696,5.766341588083739
1e-08,69.0000000030993,30.999999986900704,5.786115592476081
1e-08,69.5000000030493,30.499999986950712,5.806633635535486
1e-08,70.0000000029993,29.999999987000706,5.827917781308179
1e-08,70.50000000294929,29.499999987050714,5.849991391724961
1e-08,71.00000000289928,28.999999987100722,5.872879212316822
1e-08,71.50000000284929,28.499999987150716,5.896607465480186
1e-08,72.00000000279927,27.999999987200738,5.921203952069823
1e-08,72.50000000274926,27.499999987250746,5.946698162192974
1e-08,73.00000000269927,26.99999998730074,5.973121396187189
1e-08,73.50000000264926,26.499999987350748,6.000506896888951
1e-08,74.00000000259925,25.999999987400756,6.028889994443006
1e-08,74.50000000254924,25.499999987450764,6.058308265066259
1e-08,75.00000000249925,24.999999987500757,6.088801705369063
1e-08,75.50000000244924,24.499999987550765,6.120412924054658
1e-08,76.00000000239923,23.999999987600773,6.15318735306978
1e-08,76.50000000234924,23.499999987650767,6.187173480572241
1e-08,77.00000000229923,22.999999987700775,6.222423108421667
1e-08,77.50000000224921,22.499999987750797,6.258991637296911
1e-08,78.00000000219922,21.99999998780079,6.296938383008468
1e-08,78.5000000021492,21.4999999878508,6.336326928119727
1e-08,79.0000000020992,20.999999987900807,6.3772255136331655
1e-08,79.5000000020492,20.4999999879508,6.419707476256262
1e-08,80.0000000019992,19.99999998800081,6.463851737661044
1e-08,80.50000000194919,19.499999988050817,6.509743353220785
1e-08,81.00000000189918,18.999999988100825,6.557474128984233
1e-08,81.50000000184919,18.49999998815082,6.6071433171782745
1e-08,82.00000000179918,17.999999988200827,6.658858402371521
1e-08,82.50000000174917,17.499999988250835,6.7127359926570795
1e-08,83.00000000169916,16.999999988300843,6.76890283291446
1e-08,83.50000000164916,16.49999998835085,6.827496960505291
1e-08,84.00000000159915,15.999999988400859,6.88866902779528
1e-08,84.50000000154915,15.499999988450853,6.952583820868511
1e-08,85.00000000149915,14.99999998850086,7.019422009959768
1e-08,85.50000000144914,14.499999988550869,7.089382174802528
1e-08,86.00000000139913,13.999999988600877,7.1626831577034356
1e-08,86.50000000134914,13.49999998865087,7.239566809275935
1e-08,87.00000000129913,12.999999988700878,7.320301207154502
1e-08,87.50000000124912,12.499999988750886,7.405184447685884
1e-08,88.00000000119911,11.999999988800894,7.4945491359403436
1e-08,88.5000000011491,11.499999988850902,7.58876773230213
1e-08,89.0000000010991,10.99999998890091,7.688258957014024
1e-08,89.5000000010491,10.499999988950904,7.793495511045775
1e-08,90.0000000009991,9.999999989000912,7.905013447743203
1e-08,90.50000000094909,9.49999998905092,8.023423632365834
1e-08,91.00000000089908,8.999999989100928,8.149425866694385
1e-08,91.50000000084908,8.499999989150922,8.28382644938795
1e-08,92.00000000079908,7.99999998920093,8.427560213652006
1e-08,92.50000000074907,7.499999989250938,8.581718468513568
1e-08,93.00000000069907,6.999999989300932,8.747584825141427
1e-08,93.50000000064905,6.499999989350954,8.9266817046593
1e-08,94.00000000059904,5.999999989400962,9.120831543453527
1e-08,94.50000000054905,5.499999989450956,9.332238575791322
1e-08,95.00000000049904,4.999999989500964,9.563599989692442
1e-08,95.50000000044903,4.499999989550972,9.818259936258729
1e-08,96.00000000039903,3.9999999896009797,10.100427624040204
1e-08,96.50000000034903,3.4999999896509735,10.415493997935418
1e-08,97.00000000029902,2.9999999897009815,10.77050511275191
1e-08,97.50000000024902,2.4999999897509895,11.174894269532262
1e-08,98.00000000019902,1.9999999898009833,11.641661300105453
1e-08,98.50000000014902,1.4999999898509913,12.189368051390483
1e-08,99.00000000009899,0.9999999899010135,12.845727975639766
1e-08,99.500000000049,0.49999998995100725,13.654588407318501
0.5000000099499949,1e-08,99.49999998005,14.579151433096198
0.5000000099499949,0.5000000099499949,98.99999998010001,13.543700133016587
0.5000000099499949,1.00000000989999,98.49999998015002,12.7346694025433
0.5000000099499949,1.5000000098499848,97.99999998020002,12.07790081792338
0.5000000099499949,2.00000000979998,97.49999998025002,11.529839578988133
0.5000000099499949,2.500000009749975,96.99999998030003,11.062861868754018
0.5000000099499949,3.0000000096999697,96.49999998035004,10.658422128707466
0.5000000099499949,3.5000000096499653,95.99999998040003,10.303510396599204
0.5000000099499949,4.00000000959996,95.49999998045004,9.988674874966145
0.5000000099499949,4.500000009549955,94.99999998050005,9.706849724812518
0.5000000099499949,5.000000009499949,94.49999998055006,9.452625601861785
0.5000000099499949,5.500000009449945,93.99999998060007,9.221777137251632
0.5000000099499949,6.0000000093999395,93.49999998065006,9.010946365798983
0.5000000099499949,6.500000009349933,92.99999998070007,8.817424449136768
0.5000000099499949,7.00000000929993,92.49999998075008,8.638997391516783
0.5000000099499949,7.500000009249924,91.99999998080008,8.47383460020336
0.5000000099499949,8.000000009199919,91.49999998085009,8.320406843133116
0.5000000099499949,8.500000009149913,90.9999999809001,8.177424818283168
0.5000000099499949,9.000000009099908,90.4999999809501,8.043792455604217
0.5000000099499949,9.500000009049904,89.9999999810001,7.918570932331577
0.5000000099499949,10.000000008999898,89.49999998105011,7.800950600840276
0.5000000099499949,10.500000008949893,88.99999998110012,7.690228843182824
0.5000000099499949,11.000000008899889,88.49999998115011,7.585792422016399
0.5000000099499949,11.500000008849884,87.99999998120012,7.487103282929743
0.5000000099499949,12.000000008799878,87.49999998125013,7.393687034628829
0.5000000099499949,12.500000008749874,86.99999998130014,7.305123527448786
0.5000000099499949,13.00000000869987,86.49999998135013,7.221039091168277
0.5000000099499949,13.500000008649865,85.99999998140014,7.141100096115004
0.5000000099499949,14.00000000859986,85.49999998145015,7.065007577933229
0.5000000099499949,14.500000008549854,84.99999998150015,6.992492723618605
0.5000000099499949,15.00000000849985,84.49999998155016,6.923313059733941
0.5000000099499949,15.500000008449843,83.99999998160015,6.857249216791119
0.5000000099499949,16.00000000839984,83.49999998165016,6.79410216925559
0.5000000099499949,16.500000008349836,82.99999998170017,6.733690870405491
0.5000000099499949,17.00000000829983,82.49999998175018,6.675850216746892
0.5000000099499949,17.500000008249824,81.99999998180019,6.620429288874189
0.5000000099499949,18.00000000819982,81.49999998185018,6.567289825330628
0.5000000099499949,18.500000008149815,80.99999998190019,6.51630489373893
0.5000000099499949,19.00000000809981,80.4999999819502,6.467357729666554
0.5000000099499949,19.500000008049803,79.9999999820002,6.42034071869252
0.5000000099499949,20.000000007999798,79.49999998205021,6.37515450120366
0.5000000099499949,20.500000007949794,78.9999999821002,6.33170718276229
0.5000000099499949,21.00000000789979,78.49999998215021,6.289913635604846
0.5000000099499949,21.500000007849785,77.99999998220022,6.2496948790697235
0.5000000099499949,22.00000000779978,77.49999998225022,6.210977528605203
0.5000000099499949,22.500000007749772,76.99999998230024,6.173693304547753
0.5000000099499949,23.000000007699768,76.49999998235023,6.137778593145443
0.5000000099499949,23.500000007649763,75.99999998240024,6.103174053377026
0.5000000099499949,24.00000000759976,75.49999998245025,6.0698242640217535
0.5000000099499949,24.500000007549755,74.99999998250024,6.037677406197965
0.5000000099499949,25.000000007499747,74.49999998255026,6.006684977234504
0.5000000099499949,25.500000007449742,73.99999998260026,5.9768015322877766
0.5000000099499949,26.000000007399738,73.49999998265027,5.947984450584587
0.5000000099499949,26.500000007349733,72.99999998270027,5.920193723570505
0.5000000099499949,27.00000000729973,72.49999998275027,5.89339176258589
0.5000000099499949,27.500000007249724,71.99999998280028,5.867543223986062
0.5000000099499949,28.00000000719972,71.49999998285028,5.842614849875654
0.5000000099499949,28.500000007149712,70.99999998290029,5.8185753228465416
0.5000000099499949,29.000000007099707,70.4999999829503,5.795395133298413
0.5000000099499949,29.500000007049703,69.9999999830003,5.773046458086183
0.5000000099499949,30.0000000069997,69.4999999830503,5.751503049381699
0.5000000099499949,30.500000006949694,68.99999998310031,5.730740132762746
0.5000000099499949,31.000000006899686,68.49999998315032,5.710734313651556
0.5000000099499949,31.50000000684968,67.99999998320033,5.691463491321213
0.5000000099499949,32.00000000679968,67.49999998325032,5.672906779772462
0.5000000099499949,32.50000000674967,66.99999998330034,5.655044434857667
0.5000000099499949,33.00000000669967,66.49999998335034,5.637857787093975
0.5000000099499949,33.500000006649664,65.99999998340034,5.6213291796654925
0.5000000099499949,34.000000006599656,65.49999998345035,5.605441911165476
0.5000000099499949,34.500000006549655,64.99999998350035,5.590180182674672
0.5000000099499949,35.00000000649965,64.49999998355037,5.575529048812383
0.5000000099499949,35.500000006449646,63.99999998360036,5.561474372432524
0.5000000099499949,36.00000000639964,63.49999998365037,5.548002782668936
0.5000000099499949,36.50000000634963,62.99999998370038,5.5351016360626115
0.5000000099499949,37.00000000629963,62.49999998375038,5.522758980529178
0.5000000099499949,37.50000000624962,61.999999983800386,5.5109635219476
0.5000000099499949,38.00000000619962,61.49999998385039,5.499704593171736
0.5000000099499949,38.50000000614961,60.999999983900395,5.488972125284712
0.5000000099499949,39.000000006099604,60.4999999839504,5.478756620932689
0.5000000099499949,39.5000000060496,59.999999984000404,5.4690491295895844
0.5000000099499949,40.000000005999595,59.49999998405041,5.459841224617805
0.5000000099499949,40.500000005949595,58.99999998410041,5.45112498200227
0.5000000099499949,41.00000000589959,58.49999998415042,5.4428929606461125
0.5000000099499949,41.50000000584958,57.99999998420043,5.435138184126557
0.5000000099499949,42.00000000579958,57.49999998425043,5.427854123818533
0.5000000099499949,42.50000000574957,56.99999998430044,5.421034683302096
0.5000000099499949,43.00000000569957,56.49999998435044,5.414674183977212
0.5000000099499949,43.50000000564956,55.999999984400446,5.4087673518165795
0.5000000099499949,44.00000000559956,55.49999998445045,5.403309305193533
0.5000000099499949,44.50000000554955,54.999999984500455,5.398295543727963
0.5000000099499949,45.000000005499544,54.49999998455046,5.393721938098711
0.5000000099499949,45.50000000544954,53.999999984600464,5.38958472077586
0.5000000099499949,46.000000005399535,53.49999998465047,5.3858804776311455
0.5000000099499949,46.500000005349534,52.99999998470047,5.382606140388917
0.5000000099499949,47.000000005299526,52.49999998475048,5.379758979884357
0.5000000099499949,47.50000000524952,51.99999998480049,5.377336600099342
0.5000000099499949,48.00000000519952,51.49999998485049,5.3753369329500575
0.5000000099499949,48.500000005149516,50.99999998490049,5.373758233803816
0.5000000099499949,49.00000000509951,50.4999999849505,5.3725990777059005
0.5000000099499949,49.5000000050495,49.99999998500051,5.371858356300289
0.5000000099499949,50.00000000499949,49.499999985050515,5.371535275431185
0.5000000099499949,50.5000000049495,48.99999998510051,5.371629353415182
0.5000000099499949,51.00000000489948,48.499999985150524,5.372140419976752
0.5000000099499949,51.500000004849475,47.99999998520053,5.373068615842527
0.5000000099499949,52.000000004799475,47.49999998525053,5.374414392992634
0.5000000099499949,52.50000000474947,46.99999998530054,5.376178515570072
0.5000000099499949,53.000000004699466,46.49999998535054,5.378362061451918
0.5000000099499949,53.500000004649465,45.99999998540054,5.380966424488886
0.5000000099499949,54.00000000459946,45.49999998545055,5.383993317422646
0.5000000099499949,54.500000004549456,44.99999998550055,5.387444775493181
0.5000000099499949,55.00000000449945,44.49999998555056,5.391323160751464
0.5000000099499949,55.50000000444945,43.99999998560056,5.3956311670958
0.5000000099499949,56.00000000439944,43.49999998565057,5.400371826053447
0.5000000099499949,56.500000004349424,42.99999998570058,5.405548513332496
0.5000000099499949,57.00000000429942,42.499999985750584,5.411164956172518
0.5000000099499949,57.500000004249415,41.99999998580059,5.417225241526334
0.5000000099499949,58.000000004199414,41.49999998585059,5.4237338251091884
0.5000000099499949,58.50000000414941,40.999999985900594,5.430695541355974
0.5000000099499949,59.000000004099405,40.4999999859506,5.438115614331705
0.5000000099499949,59.500000004049404,39.9999999860006,5.445999669645369
0.5000000099499949,60.000000003999396,39.49999998605061,5.454353747422682
0.5000000099499949,60.500000003949395,38.99999998610061,5.463184316398985
0.5000000099499949,61.00000000389939,38.49999998615062,5.472498289199842
0.5000000099499949,61.50000000384937,37.999999986200635,5.482303038883693
0.5000000099499949,62.00000000379937,37.499999986250636,5.492606416828424
0.5000000099499949,62.50000000374937,36.99999998630064,5.503416772051772
0.5000000099499949,63.00000000369936,36.499999986350645,5.514742972064532
0.5000000099499949,63.50000000364936,35.99999998640064,5.526594425365249
0.5000000099499949,64.00000000359935,35.499999986450646,5.538981105695922
0.5000000099499949,64.50000000354935,34.999999986500654,5.551913578190162
0.5000000099499949,65.00000000349935,34.49999998655065,5.565403027558322
0.5000000099499949,65.50000000344934,33.999999986600656,5.579461288468751
0.5000000099499949,66.00000000339934,33.499999986650664,5.5941008783003845
0.5000000099499949,66.50000000334934,32.99999998670066,5.609335032459757
0.5000000099499949,67.00000000329932,32.49999998675068,5.625177742475513
0.5000000099499949,67.50000000324931,31.999999986800688,5.641643797105528
0.5000000099499949,68.00000000319932,31.499999986850682,5.6587488267166055
0.5000000099499949,68.50000000314931,30.99999998690069,5.676509351224215
0.5000000099499949,69.0000000030993,30.499999986950698,5.694942831910831
0.5000000099499949,69.5000000030493,29.999999987000706,5.714067727475957
0.5000000099499949,70.0000000029993,29.4999999870507,5.733903554710031
0.5000000099499949,70.50000000294929,28.999999987100708,5.754470954228183
0.5000000099499949,71.00000000289928,28.499999987150716,5.77579176174925
0.5000000099499949,71.50000000284929,27.99999998720071,5.797889085461367
0.5000000099499949,72.00000000279927,27.49999998725073,5.820787390078538
0.5000000099499949,72.50000000274926,26.99999998730074,5.844512588264282
0.5000000099499949,73.00000000269927,26.499999987350733,5.869092140179798
0.5000000099499949,73.50000000264926,25.99999998740074,5.894555162006681
0.5000000099499949,74.00000000259925,25.49999998745075,5.9209325443999274
0.5000000099499949,74.50000000254924,24.999999987500757,5.948257081947599
0.5000000099499949,75.00000000249925,24.49999998755075,5.976563614851967
0.5000000099499949,75.50000000244924,23.99999998760076,6.005889184205693
0.5000000099499949,76.00000000239923,23.499999987650767,6.036273202419432
0.5000000099499949,76.50000000234924,22.99999998770076,6.067757640568134
0.5000000099499949,77.00000000229923,22.49999998775077,6.1003872346672114
0.5000000099499949,77.50000000224921,21.99999998780079,6.134209713172609
0.5000000099499949,78.00000000219922,21.499999987850785,6.169276048327683
0.5000000099499949,78.5000000021492,20.999999987900793,6.2056407343632705
0.5000000099499949,79.0000000020992,20.4999999879508,6.243362096005741
0.5000000099499949,79.5000000020492,19.999999988000795,6.282502631273862
0.5000000099499949,80.0000000019992,19.499999988050803,6.323129393164019
0.5000000099499949,80.50000000194919,18.99999998810081,6.365314415554023
0.5000000099499949,81.00000000189918,18.49999998815082,6.4091351895207564
0.5000000099499949,81.50000000184919,17.999999988200813,6.454675197295492
0.5000000099499949,82.00000000179918,17.49999998825082,6.502024512307502
0.5000000099499949,82.50000000174917,16.99999998830083,6.551280475235959
0.5000000099499949,83.00000000169916,16.499999988350837,6.602548457756734
0.5000000099499949,83.50000000164916,15.999999988400845,6.655942727803991
0.5000000099499949,84.00000000159915,15.499999988450853,6.711587432753473
0.5000000099499949,84.50000000154915,14.999999988500846,6.769617720086474
0.5000000099499949,85.00000000149915,14.499999988550854,6.83018101895238
0.5000000099499949,85.50000000144914,13.999999988600862,6.893438510796085
0.5000000099499949,86.00000000139913,13.49999998865087,6.959566823090878
0.5000000099499949,86.50000000134914,12.999999988700864,7.028759987525358
0.5000000099499949,87.00000000129913,12.499999988750872,7.101231713138725
0.5000000099499949,87.50000000124912,11.99999998880088,7.177218036416568
0.5000000099499949,88.00000000119911,11.499999988850888,7.25698042496068
0.5000000099499949,88.5000000011491,10.999999988900896,7.34080942998786
0.5000000099499949,89.0000000010991,10.499999988950904,7.429029006890058
0.5000000099499949,89.5000000010491,9.999999989000898,7.522001654175219
0.5000000099499949,90.0000000009991,9.499999989050906,7.620134561755571
0.5000000099499949,90.50000000094909,8.999999989100914,7.723887013180846
0.5000000099499949,91.00000000089908,8.499999989150922,7.833779357864341
0.5000000099499949,91.50000000084908,7.999999989200916,7.95040396553559
0.5000000099499949,92.00000000079908,7.499999989250924,8.07443870609551
0.5000000099499949,92.50000000074907,6.999999989300932,8.206663678474413
0.5000000099499949,93.00000000069907,6.4999999893509255,8.347982163974056
0.5000000099499949,93.50000000064905,5.999999989400948,8.499447136247522
0.5000000099499949,94.00000000059904,5.499999989450956,8.662295173026743
0.5000000099499949,94.50000000054905,4.9999999895009495,8.83799036506315
0.5000000099499949,95.00000000049904,4.4999999895509575,9.0282819360764
0.5000000099499949,95.50000000044903,3.9999999896009655,9.235280989059675
0.5000000099499949,96.00000000039903,3.4999999896509735,9.461564443396005
0.5000000099499949,96.50000000034903,2.9999999897009673,9.710318458965206
0.5000000099499949,97.00000000029902,2.4999999897509753,9.985540601954165
0.5000000099499949,97.50000000024902,1.9999999898009833,10.292331832424313
0.5000000099499949,98.00000000019902,1.499999989850977,10.637330262926465
0.5000000099499949,98.50000000014902,0.999999989900985,11.029377115695368
0.5000000099499949,99.00000000009899,0.49999998995100725,11.480579997044
1.00000000989999,1e-08,98.99999998010001,13.778893522608268
1.00000000989999,0.5000000099499949,98.49999998015002,12.910003562039638
1.00000000989999,1.00000000989999,97.99999998020002,12.212339102774699
1.00000000989999,1.5000000098499848,97.49999998025002,11.634827258439712
1.00000000989999,2.00000000979998,96.99999998030003,11.145788648907757
1.00000000989999,2.500000009749975,96.49999998035004,10.724308693131434
1.00000000989999,3.0000000096999697,95.99999998040003,10.355906827629461
1.00000000989999,3.5000000096499653,95.49999998045004,10.030173419036924
1.00000000989999,4.00000000959996,94.99999998050005,9.739393965889311
1.00000000989999,4.500000009549955,94.49999998055006,9.477705422116546
1.00000000989999,5.000000009499949,93.99999998060007,9.24055632975317
1.00000000989999,5.500000009449945,93.49999998065006,9.02434884283713
1.00000000989999,6.0000000093999395,92.99999998070007,8.826194077938965
1.00000000989999,6.500000009349933,92.49999998075008,8.64374051185583
1.00000000989999,7.00000000929993,91.99999998080008,8.475050864005297
1.00000000989999,7.500000009249924,91.49999998085009,8.318511993699735
1.00000000989999,8.000000009199919,90.99999998090009,8.172767790081592
1.00000000989999,8.500000009149913,90.4999999809501,8.036668397924311
1.00000000989999,9.000000009099908,89.9999999810001,7.909231258757347
1.00000000989999,9.500000009049904,89.49999998105011,7.789610835960041
1.00000000989999,10.000000008999898,88.99999998110012,7.677074815637503
1.00000000989999,10.500000008949893,88.49999998115011,7.570985200688307
1.00000000989999,11.000000008899889,87.99999998120012,7.470783147003565
1.00000000989999,11.500000008849884,87.49999998125013,7.375976693252397
1.00000000989999,12.000000008799878,86.99999998130014,7.286130750941725
1.00000000989999,12.500000008749874,86.49999998135013,7.200858876667788
1.00000000989999,13.00000000869987,85.99999998140014,7.119816461842579
1.00000000989999,13.500000008649865,85.49999998145015,7.042695058936464
1.00000000989999,14.00000000859986,84.99999998150015,6.969217625830501
1.00000000989999,14.500000008549854,84.49999998155016,6.899134517057464
1.00000000989999,15.00000000849985,83.99999998160015,6.83222008663818
1.00000000989999,15.500000008449843,83.49999998165016,6.768269794815477
1.00000000989999,16.00000000839984,82.99999998170017,6.707097732358392
1.00000000989999,16.500000008349836,82.49999998175018,6.648534492786153
1.00000000989999,17.00000000829983,81.99999998180019,6.592425335970293
1.00000000989999,17.500000008249824,81.49999998185018,6.538628596947919
1.00000000989999,18.00000000819982,80.99999998190019,6.487014302042943
1.00000000989999,18.500000008149815,80.4999999819502,6.4374629610146075
1.00000000989999,19.00000000809981,79.9999999820002,6.389864509290973
1.00000000989999,19.500000008049803,79.49999998205021,6.344117378671087
1.00000000989999,20.000000007999798,78.9999999821002,6.300127678404469
1.00000000989999,20.500000007949794,78.49999998215021,6.257808471442146
1.00000000989999,21.00000000789979,77.99999998220022,6.217079133027302
1.00000000989999,21.500000007849785,77.49999998225023,6.177864780755181
1.00000000989999,22.00000000779978,76.99999998230024,6.140095766859522
1.00000000989999,22.500000007749772,76.49999998235023,6.1037072248392885
1.00000000989999,23.000000007699768,75.99999998240024,6.0686386636740055
1.00000000989999,23.500000007649763,75.49999998245025,6.034833603828881
1.00000000989999,24.00000000759976,74.99999998250026,6.002239250053638
1.00000000989999,24.500000007549755,74.49999998255026,5.970806196658141
1.00000000989999,25.000000007499747,73.99999998260026,5.940488161523822
1.00000000989999,25.500000007449742,73.49999998265027,5.9112417456002655
1.00000000989999,26.000000007399738,72.99999998270027,5.883026215054964
1.00000000989999,26.500000007349733,72.49999998275028,5.855803303602686
1.00000000989999,27.00000000729973,71.99999998280029,5.829537032848746
1.00000000989999,27.500000007249724,71.49999998285028,5.804193548745445
1.00000000989999,28.00000000719972,70.99999998290029,5.779740972489968
1.00000000989999,28.500000007149712,70.4999999829503,5.7561492643898875
1.00000000989999,29.000000007099707,69.99999998300031,5.7333900993945095
1.00000000989999,29.500000007049703,69.49999998305032,5.711436753139666
1.00000000989999,30.0000000069997,68.99999998310031,5.690263997483941
1.00000000989999,30.500000006949694,68.49999998315032,5.66984800462822
1.00000000989999,31.000000006899686,67.99999998320033,5.650166259010156
1.00000000989999,31.50000000684968,67.49999998325032,5.631197476252645
1.00000000989999,32.00000000679968,66.99999998330033,5.61292152852236
1.00000000989999,32.50000000674967,66.49999998335034,5.59531937572222
1.00000000989999,33.00000000669967,65.99999998340033,5.578373002001447
1.00000000989999,33.500000006649664,65.49999998345035,5.562065357119877
1.00000000989999,34.000000006599656,64.99999998350035,5.546380302250017
1.00000000989999,34.500000006549655,64.49999998355035,5.531302559842029
1.00000000989999,35.00000000649965,63.99999998360036,5.516817667213791
1.00000000989999,35.500000006449646,63.49999998365036,5.5029119335612355
1.00000000989999,36.00000000639964,62.99999998370037,5.489572400113484
1.00000000989999,36.50000000634963,62.49999998375038,5.476786803183688
1.00000000989999,37.00000000629963,61.99999998380038,5.4645435398899895
1.00000000989999,37.50000000624962,61.49999998385039,5.452831636342122
1.00000000989999,38.00000000619962,60.99999998390039,5.441640718108147
1.00000000989999,38.50000000614961,60.499999983950396,5.430960982792868
1.00000000989999,39.000000006099604,59.999999984000404,5.4207831745748605
1.00000000989999,39.5000000060496,59.499999984050405,5.411098560562873
1.00000000989999,40.000000005999595,58.99999998410041,5.401898908845
1.00000000989999,40.500000005949595,58.49999998415041,5.393176468115226
1.00000000989999,41.00000000589959,57.99999998420042,5.3849239487724425
1.00000000989999,41.50000000584958,57.49999998425043,5.37713450539621
1.00000000989999,42.00000000579958,56.99999998430043,5.369801720512198
1.00000000989999,42.50000000574957,56.49999998435044,5.362919589567954
1.00000000989999,43.00000000569957,55.99999998440044,5.356482507046732
1.00000000989999,43.50000000564956,55.49999998445045,5.350485253653726
1.00000000989999,44.00000000559956,54.99999998450045,5.344922984514855
1.00000000989999,44.50000000554955,54.499999984550456,5.339791218333954
1.00000000989999,45.000000005499544,53.999999984600464,5.335085827459096
1.00000000989999,45.50000000544954,53.499999984650465,5.330803028813605
1.00000000989999,46.000000005399535,52.99999998470047,5.3269393756515955
1.00000000989999,46.500000005349534,52.499999984750474,5.323491750101969
1.00000000989999,47.000000005299526,51.99999998480048,5.320457356468529
1.00000000989999,47.50000000524952,51.49999998485049,5.317833715257503
1.00000000989999,48.00000000519952,50.99999998490049,5.315618657907006
1.00000000989999,48.500000005149516,50.49999998495049,5.3138103221962165
1.00000000989999,49.00000000509951,49.9999999850005,5.3124071483150015
1.00000000989999,49.5000000050495,49.49999998505051,5.3114078755775775
1.00000000989999,50.00000000499949,48.999999985100516,5.31081153976658
1.00000000989999,50.5000000049495,48.49999998515051,5.310617471096563
1.00000000989999,51.00000000489948,47.999999985200525,5.3108252927884845
1.00000000989999,51.500000004849475,47.49999998525053,5.311434920249343
1.00000000989999,52.000000004799475,46.99999998530053,5.312446560853517
1.00000000989999,52.50000000474947,46.49999998535054,5.313860714324909
1.00000000989999,53.000000004699466,45.99999998540054,5.31567817372136
1.00000000989999,53.500000004649465,45.49999998545054,5.317900027025349
1.00000000989999,54.00000000459946,44.99999998550055,5.320527659347415
1.00000000989999,54.500000004549456,44.49999998555055,5.323562755751308
1.00000000989999,55.00000000449945,43.99999998560056,5.327007304712473
1.00000000989999,55.50000000444945,43.49999998565056,5.330863602224122
1.00000000989999,56.00000000439944,42.99999998570057,5.33513425656794
1.00000000989999,56.500000004349424,42.499999985750584,5.339822193769364
1.00000000989999,57.00000000429942,41.999999985800585,5.344930663760426
1.00000000989999,57.500000004249415,41.49999998585059,5.35046324727628
1.00000000989999,58.000000004199414,40.999999985900594,5.356423863515017
1.00000000989999,58.50000000414941,40.499999985950595,5.362816778593865
1.00000000989999,59.000000004099405,39.9999999860006,5.369646614838816
1.00000000989999,59.500000004049404,39.499999986050604,5.376918360948718
1.00000000989999,60.000000003999396,38.99999998610061,5.384637383079425
1.00000000989999,60.500000003949395,38.49999998615061,5.392809436898261
1.00000000989999,61.00000000389939,37.99999998620062,5.401440680664263
1.00000000989999,61.50000000384937,37.499999986250636,5.410537689395274
1.00000000989999,62.00000000379937,36.99999998630064,5.420107470189041
1.00000000989999,62.50000000374937,36.49999998635064,5.430157478772056
1.00000000989999,63.00000000369936,35.99999998640065,5.4406956373572255
1.00000000989999,63.50000000364936,35.499999986450646,5.4517303538993005
1.00000000989999,64.00000000359935,34.999999986500654,5.463270542845731
1.00000000989999,64.50000000354935,34.49999998655066,5.4753256474901875
1.00000000989999,65.00000000349935,33.999999986600656,5.487905664046517
1.00000000989999,65.50000000344934,33.499999986650664,5.501021167572467
1.00000000989999,66.00000000339934,32.99999998670067,5.514683339885389
1.00000000989999,66.50000000334934,32.499999986750666,5.528903999626326
1.00000000989999,67.00000000329932,31.999999986800688,5.543695634644569
1.00000000989999,67.50000000324931,31.499999986850696,5.559071436892262
1.00000000989999,68.00000000319932,30.99999998690069,5.575045340038099
1.00000000989999,68.50000000314931,30.499999986950698,5.591632060030686
1.00000000989999,69.0000000030993,29.999999987000706,5.608847138866376
1.00000000989999,69.5000000030493,29.499999987050714,5.6267069918432915
1.00000000989999,70.0000000029993,28.999999987100708,5.6452289586134325
1.00000000989999,70.50000000294929,28.499999987150716,5.664431358378663
1.00000000989999,71.00000000289928,27.999999987200724,5.684333549614302
1.00000000989999,71.50000000284929,27.499999987250717,5.704955994746895
1.00000000989999,72.00000000279927,26.99999998730074,5.726320330260828
1.00000000989999,72.50000000274926,26.499999987350748,5.74844944276301
1.00000000989999,73.00000000269927,25.99999998740074,5.771367551596271
1.00000000989999,73.50000000264926,25.49999998745075,5.795100298661979
1.00000000989999,74.00000000259925,24.999999987500757,5.8196748461916
1.00000000989999,74.50000000254924,24.499999987550765,5.845119983297049
1.00000000989999,75.00000000249925,23.99999998760076,5.871466242232511
1.00000000989999,75.50000000244924,23.499999987650767,5.898746025417861
1.00000000989999,76.00000000239923,22.999999987700775,5.926993744408323
1.00000000989999,76.50000000234924,22.49999998775077,5.956245972149391
1.00000000989999,77.00000000229923,21.999999987800777,5.9865416100336715
1.00000000989999,77.50000000224921,21.4999999878508,6.017922071481108
1.00000000989999,78.00000000219922,20.999999987900793,6.050431484000862
1.00000000989999,78.5000000021492,20.4999999879508,6.084116911967629
1.00000000989999,79.0000000020992,19.99999998800081,6.119028602664112
1.00000000989999,79.5000000020492,19.499999988050803,6.155220258513187
1.00000000989999,80.0000000019992,18.99999998810081,6.192749338857847
1.00000000989999,80.50000000194919,18.49999998815082,6.2316773951563444
1.00000000989999,81.00000000189918,17.999999988200827,6.272070444058988
1.00000000989999,81.50000000184919,17.49999998825082,6.3139993835398
1.00000000989999,82.00000000179918,16.99999998830083,6.357540458092687
1.00000000989999,82.50000000174917,16.499999988350837,6.402775779995494
1.00000000989999,83.00000000169916,15.999999988400845,6.449793914830028
1.00000000989999,83.50000000164916,15.499999988450853,6.4986905408639135
1.00000000989999,84.00000000159915,14.99999998850086,6.549569193603737
1.00000000989999,84.50000000154915,14.499999988550854,6.602542108884337
1.00000000989999,85.00000000149915,13.999999988600862,6.657731180350108
1.00000000989999,85.50000000144914,13.49999998865087,6.715269050216266
1.00000000989999,86.00000000139913,12.999999988700878,6.775300355907502
1.00000000989999,86.50000000134914,12.499999988750872,6.83798315973135
1.00000000989999,87.00000000129913,11.99999998880088,6.903490594379578
1.00000000989999,87.50000000124912,11.499999988850888,6.972012764055427
1.00000000989999,88.00000000119911,10.999999988900896,7.043758949781208
