% (Ta),% (V),% (Nb),Sigma_e0
1e-08,1e-08,99.99999998,143927.99991776224
1e-08,1.00000000989999,98.99999998010001,138896.43617206946
1e-08,2.00000000979998,97.99999998020002,134242.6110277391
1e-08,3.0000000096999697,96.99999998030003,129927.19559927998
1e-08,4.00000000959996,95.99999998040003,125916.17309512006
1e-08,5.000000009499949,94.99999998050005,122179.97302114718
1e-08,6.0000000093999395,93.99999998060007,118692.76944669503
1e-08,7.00000000929993,92.99999998070007,115431.90817775734
1e-08,8.000000009199919,91.99999998080008,112377.43603596816
1e-08,9.000000009099908,90.99999998090009,109511.71162688937
1e-08,10.000000008999898,89.9999999810001,106819.08160545511
1e-08,11.000000008899889,88.9999999811001,104285.60993568588
1e-08,12.000000008799878,87.99999998120012,101898.85029733444
1e-08,13.00000000869987,86.99999998130014,99647.65382958391
1e-08,14.00000000859986,85.99999998140014,97522.00597710078
1e-08,15.00000000849985,84.99999998150015,95512.88743033368
1e-08,16.00000000839984,83.99999998160015,93612.15511359568
1e-08,17.00000000829983,82.99999998170017,91812.43993328376
1e-08,18.00000000819982,81.99999998180019,90107.05860100783
1e-08,19.00000000809981,80.99999998190019,88489.9373274532
1e-08,20.000000007999798,79.9999999820002,86955.54556905416
1e-08,21.00000000789979,78.9999999821002,85498.83832132474
1e-08,22.00000000779978,77.99999998220022,84115.20570561515
1e-08,23.000000007699768,76.99999998230024,82800.42880221411
1e-08,24.00000000759976,75.99999998240024,81550.64085153272
1e-08,25.000000007499747,74.99999998250026,80362.29308394465
1e-08,26.000000007399738,73.99999998260026,79232.12455352604
1e-08,27.00000000729973,72.99999998270027,78157.13544603066
1e-08,28.00000000719972,71.99999998280028,77134.56341059577
1e-08,29.000000007099707,70.99999998290029,76161.86253082243
1e-08,30.0000000069997,69.9999999830003,75236.68460634699
1e-08,31.000000006899686,68.99999998310031,74356.86246270649
1e-08,32.00000000679968,67.99999998320033,73520.3950467251
1e-08,33.00000000669967,66.99999998330033,72725.43409804945
1e-08,34.000000006599656,65.99999998340034,71970.27221585611
1e-08,35.00000000649965,64.99999998350035,71253.33216396606
1e-08,36.00000000639964,63.99999998360036,70573.15727831573
1e-08,37.00000000629963,62.99999998370037,69928.40285851073
1e-08,38.00000000619962,61.99999998380038,69317.8284404964
1e-08,39.000000006099604,60.999999983900395,68740.29086059988
1e-08,40.000000005999595,59.999999984000404,68194.73803266103
1e-08,41.00000000589959,58.99999998410041,67680.20336993886
1e-08,42.00000000579958,57.99999998420042,67195.80079218664
1e-08,43.00000000569957,56.99999998430043,66740.72026592266
1e-08,44.00000000559956,55.99999998440044,66314.22383264753
1e-08,45.000000005499544,54.999999984500455,65915.6420857112
1e-08,46.000000005399535,53.999999984600464,65544.37106183139
1e-08,47.000000005299526,52.99999998470047,65199.86951801364
1e-08,48.00000000519952,51.99999998480048,64881.65656890644
1e-08,49.00000000509951,50.99999998490049,64589.30966352461
1e-08,50.00000000499949,49.99999998500051,64322.462883855595
1e-08,51.00000000489948,48.999999985100516,64080.805551189165
1e-08,52.000000004799475,47.999999985200525,63864.081129135746
1e-08,53.000000004699466,46.99999998530053,63672.086415273756
1e-08,54.00000000459946,45.99999998540054,63504.67101624091
1e-08,55.00000000449945,44.99999998550055,63361.737103902415
1e-08,56.00000000439944,43.99999998560056,63243.23945303804
1e-08,57.00000000429942,42.999999985700576,63149.18576383224
1e-08,58.000000004199414,41.999999985800585,63079.63727537833
1e-08,59.000000004099405,40.999999985900594,63034.70967946353
1e-08,60.000000003999396,39.9999999860006,63014.57434714153
1e-08,61.00000000389939,38.99999998610061,63019.45988408163
1e-08,62.00000000379937,37.99999998620063,63049.65403447058
1e-08,63.00000000369936,36.99999998630064,63105.50595740957
1e-08,64.00000000359935,35.99999998640065,63187.428904376815
1e-08,65.00000000349935,34.999999986500654,63295.90333151177
1e-08,66.00000000339934,33.99999998660067,63431.48048633219
1e-08,67.00000000329932,32.999999986700686,63594.786515153064
1e-08,68.00000000319932,31.999999986800688,63786.52714509021
1e-08,69.0000000030993,30.999999986900704,64007.49300328755
1e-08,70.0000000029993,29.999999987000706,64258.56564612898
1e-08,71.00000000289928,28.999999987100722,64540.724382944536
1e-08,72.00000000279927,27.999999987200738,64855.05399242208
1e-08,73.00000000269927,26.99999998730074,65202.7534459767
1e-08,74.00000000259925,25.999999987400756,65585.1457711832
1e-08,75.00000000249925,24.999999987500757,66003.6892106213
1e-08,76.00000000239923,23.999999987600773,66459.9898578306
1e-08,77.00000000229923,22.999999987700775,66955.81598339086
1e-08,78.00000000219922,21.99999998780079,67493.1143015242
1e-08,79.0000000020992,20.999999987900807,68074.0284723954
1e-08,80.0000000019992,19.99999998800081,68700.92018914943
1e-08,81.00000000189918,18.999999988100825,69376.39326377766
1e-08,82.00000000179918,17.999999988200827,70103.32120479924
1e-08,83.00000000169916,16.999999988300843,70884.87887584823
1e-08,84.00000000159915,15.999999988400859,71724.57894185677
1e-08,85.00000000149915,14.99999998850086,72626.31395410263
1e-08,86.00000000139913,13.999999988600877,73594.40510402081
1e-08,87.00000000129913,12.999999988700878,74633.65889751588
1e-08,88.00000000119911,11.999999988800894,75749.43327850282
1e-08,89.0000000010991,10.99999998890091,76947.71507821977
1e-08,90.0000000009991,9.999999989000912,78235.21110622113
1e-08,91.00000000089908,8.999999989100928,79619.45575745765
1e-08,92.00000000079908,7.99999998920093,81108.93872449742
1e-08,93.00000000069907,6.999999989300932,82713.25732481311
1e-08,94.00000000059904,5.999999989400962,84443.29914846395
1e-08,95.00000000049904,4.999999989500964,86311.46229551318
1e-08,96.00000000039903,3.9999999896009797,88331.92253590385
1e-08,97.00000000029902,2.9999999897009815,90520.95947096334
1e-08,98.00000000019902,1.9999999898009833,92897.35746606003
1e-08,99.00000000009899,0.9999999899010135,95482.90213296354
1.00000000989999,1e-08,98.99999998010001,139670.00421743572
1.00000000989999,1.00000000989999,97.99999998020002,134981.54105796837
1.00000000989999,2.00000000979998,96.99999998030003,130634.30745296956
1.00000000989999,3.0000000096999697,95.99999998040003,126593.97034968463
1.00000000989999,4.00000000959996,94.99999998050005,122830.68818294742
1.00000000989999,5.000000009499949,93.99999998060007,119318.40141236065
1.00000000989999,6.0000000093999395,92.99999998070007,116034.25349218602
1.00000000989999,7.00000000929993,91.99999998080008,112958.11513394275
1.00000000989999,8.000000009199919,90.99999998090009,110072.19098963118
1.00000000989999,9.000000009099908,89.9999999810001,107360.69256862719
1.00000000989999,10.000000008999898,88.99999998110012,104809.56473560954
1.00000000989999,11.000000008899889,87.99999998120012,102406.25582613378
1.00000000989999,12.000000008799878,86.99999998130014,100139.52347934492
1.00000000989999,13.00000000869987,85.99999998140014,97999.26988185
1.00000000989999,14.00000000859986,84.99999998150015,95976.40135818957
1.00000000989999,15.00000000849985,83.99999998160015,94062.70821645383
1.00000000989999,16.00000000839984,82.99999998170017,92250.76152531667
1.00000000989999,17.00000000829983,81.99999998180019,90533.82410816161
1.00000000989999,18.00000000819982,80.99999998190019,88905.77352652505
1.00000000989999,19.00000000809981,79.9999999820002,87361.03521569693
1.00000000989999,20.000000007999798,78.9999999821002,85894.5242505667
1.00000000989999,21.00000000789979,77.99999998220022,84501.59447550871
1.00000000989999,22.00000000779978,76.99999998230024,83177.9939405048
1.00000000989999,23.000000007699768,75.99999998240024,81919.82575633141
1.00000000989999,24.00000000759976,74.99999998250026,80723.51362196032
1.00000000989999,25.000000007499747,73.99999998260026,79585.7713932026
1.00000000989999,26.000000007399738,72.99999998270027,78503.57615770643
1.00000000989999,27.00000000729973,71.99999998280029,77474.1443614028
1.00000000989999,28.00000000719972,70.99999998290029,76494.91059831558
1.00000000989999,29.000000007099707,69.99999998300031,75563.5087316914
1.00000000989999,30.0000000069997,68.99999998310031,74677.75506155855
1.00000000989999,31.000000006899686,67.99999998320033,73835.63329364215
1.00000000989999,32.00000000679968,66.99999998330033,73035.28109829439
1.00000000989999,33.00000000669967,65.99999998340033,72274.97807677182
1.00000000989999,34.000000006599656,64.99999998350035,71553.13497663781
1.00000000989999,35.00000000649965,63.99999998360036,70868.28401898402
1.00000000989999,36.00000000639964,62.99999998370037,70219.0702181108
1.00000000989999,37.00000000629963,61.99999998380038,69604.2435897578
1.00000000989999,38.00000000619962,60.99999998390039,69022.65215732392
1.00000000989999,39.000000006099604,59.999999984000404,68473.23567708221
1.00000000989999,40.000000005999595,58.99999998410041,67955.02001345776
1.00000000989999,41.00000000589959,57.99999998420042,67467.11210422372
1.00000000989999,42.00000000579958,56.99999998430043,67008.69546317133
1.00000000989999,43.00000000569957,55.99999998440044,66579.02617459564
1.00000000989999,44.00000000559956,54.99999998450045,66177.42933994292
1.00000000989999,45.000000005499544,53.999999984600464,65803.29594231078
1.00000000989999,46.000000005399535,52.99999998470047,65456.080099280625
1.00000000989999,47.000000005299526,51.99999998480048,65135.296678882965
1.00000000989999,48.00000000519952,50.99999998490049,64840.51925742739
1.00000000989999,49.00000000509951,49.9999999850005,64571.37840154017
1.00000000989999,50.00000000499949,48.999999985100516,64327.56026010453
1.00000000989999,51.00000000489948,47.999999985200525,64108.80545494832
1.00000000989999,52.000000004799475,46.99999998530053,63914.908262121986
1.00000000989999,53.000000004699466,45.99999998540054,63745.71607850454
1.00000000989999,54.00000000459946,44.99999998550055,63601.12917131514
1.00000000989999,55.00000000449945,43.99999998560056,63481.100710935854
1.00000000989999,56.00000000439944,42.99999998570057,63385.63709031341
1.00000000989999,57.00000000429942,41.999999985800585,63314.798537154566
1.00000000989999,58.000000004199414,40.999999985900594,63268.70002820488
1.00000000989999,59.000000004099405,39.9999999860006,63247.51251816269
1.00000000989999,60.000000003999396,38.99999998610061,63251.46449928396
1.00000000989999,61.00000000389939,37.99999998620062,63280.843911545126
1.00000000989999,62.00000000379937,36.99999998630064,63336.00042742338
1.00000000989999,63.00000000369936,35.99999998640065,63417.34814001103
1.00000000989999,64.00000000359935,34.999999986500654,63525.368688397946
1.00000000989999,65.00000000349935,33.999999986600656,63660.614860149064
1.00000000989999,66.00000000339934,32.99999998670067,63823.71471740183
1.00000000989999,67.00000000329932,31.999999986800688,64015.37630077139
1.00000000989999,68.00000000319932,30.99999998690069,64236.39297406297
1.00000000989999,69.0000000030993,29.999999987000706,64487.64948297588
1.00000000989999,70.0000000029993,28.999999987100708,64770.128812809875
1.00000000989999,71.00000000289928,27.999999987200724,65084.919943973975
1.00000000989999,72.00000000279927,26.99999998730074,65433.22662024331
1.00000000989999,73.00000000269927,25.99999998740074,65816.37726368866
1.00000000989999,74.00000000259925,24.999999987500757,66235.83619259638
1.00000000989999,75.00000000249925,23.99999998760076,66693.21632522039
1.00000000989999,76.00000000239923,22.999999987700775,67190.29358374358
1.00000000989999,77.00000000229923,21.999999987800777,67729.02325046444
1.00000000989999,78.00000000219922,20.999999987900793,68311.55857331876
1.00000000989999,79.0000000020992,19.99999998800081,68940.27197209369
1.00000000989999,80.0000000019992,18.99999998810081,69617.77926221206
1.00000000989999,81.00000000189918,17.999999988200827,70346.96739243725
1.00000000989999,82.00000000179918,16.99999998830083,71131.02628966715
1.00000000989999,83.00000000169916,15.999999988400845,71973.48552247044
1.00000000989999,84.00000000159915,14.99999998850086,72878.25664070359
1.00000000989999,85.00000000149915,13.999999988600862,73849.68222856712
1.00000000989999,86.00000000139913,12.999999988700878,74892.5929320499
1.00000000989999,87.00000000129913,11.99999998880088,76012.37400092848
1.00000000989999,88.00000000119911,10.999999988900896,77215.04323614968
1.00000000989999,89.0000000010991,9.999999989000912,78507.34267645124
1.00000000989999,90.0000000009991,8.999999989100914,79896.84692131521
1.00000000989999,91.00000000089908,7.99999998920093,81392.0917081841
1.00000000989999,92.00000000079908,6.999999989300932,83002.72729087608
1.00000000989999,93.00000000069907,5.9999999894009335,84739.70237232684
1.00000000989999,94.00000000059904,4.999999989500964,86615.48592321902
1.00000000989999,95.00000000049904,3.9999999896009655,88644.33630090878
1.00000000989999,96.00000000039903,2.9999999897009815,90842.62985603514
1.00000000989999,97.00000000029902,1.9999999898009833,93229.26494108845
1.00000000989999,98.00000000019902,0.999999989900985,95826.16229512432
2.00000000979998,1e-08,97.99999998020002,135728.2697125749
2.00000000979998,1.00000000989999,96.99999998030003,131348.83620531316
2.00000000979998,2.00000000979998,95.99999998040003,127278.83410634012
2.00000000979998,3.0000000096999697,94.99999998050005,123488.1472520683
2.00000000979998,4.00000000959996,93.99999998060007,119950.47947036223
2.00000000979998,5.000000009499949,92.99999998070007,116642.76926024836
2.00000000979998,6.0000000093999395,91.99999998080008,113544.70896852638
2.00000000979998,7.00000000929993,90.99999998090009,110638.34733171992
2.00000000979998,8.000000009199919,89.9999999810001,107907.75899870094
2.00000000979998,9.000000009099908,88.99999998110012,105338.76822939512
2.00000000979998,10.000000008999898,87.99999998120012,102918.716688436
2.00000000979998,11.000000008899889,86.99999998130014,100636.26734132359
2.00000000979998,12.000000008799878,85.99999998140014,98481.23807480416
2.00000000979998,13.00000000869987,84.99999998150015,96444.4599196566
2.00000000979998,14.00000000859986,83.99999998160015,94517.655738805
2.00000000979998,15.00000000849985,82.99999998170017,92693.33602044529
2.00000000979998,16.00000000839984,81.99999998180019,90964.70903235632
2.00000000979998,17.00000000829983,80.99999998190019,89325.60308569793
2.00000000979998,18.00000000819982,79.9999999820002,87770.39905163343
2.00000000979998,19.00000000809981,78.9999999821002,86293.9715928915
2.00000000979998,20.000000007999798,77.99999998220022,84891.63783091279
2.00000000979998,21.00000000789979,76.99999998230024,83559.11237990842
2.00000000979998,22.00000000779978,75.99999998240024,82292.46785163324
2.00000000979998,23.000000007699768,74.99999998250026,81088.10007649743
2.00000000979998,24.00000000759976,73.99999998260026,79942.69740374682
2.00000000979998,25.000000007499747,72.99999998270027,78853.21354053254
2.00000000979998,26.000000007399738,71.99999998280029,77816.84347050067
2.00000000979998,27.00000000729973,70.99999998290029,76831.00206004549
2.00000000979998,28.00000000719972,69.9999999830003,75893.30501697618
2.00000000979998,29.000000007099707,68.99999998310031,75001.55191397955
2.00000000979998,30.0000000069997,67.99999998320033,74153.71102947505
2.00000000979998,31.000000006899686,66.99999998330034,73347.90579252706
2.00000000979998,32.00000000679968,65.99999998340033,72582.40264743188
2.00000000979998,33.00000000669967,64.99999998350035,71855.60017828422
2.00000000979998,34.000000006599656,63.99999998360036,71166.01935494297
2.00000000979998,35.00000000649965,62.99999998370037,70512.29477993667
2.00000000979998,36.00000000639964,61.99999998380038,69893.16683144632
2.00000000979998,37.00000000629963,60.99999998390039,69307.47461097612
2.00000000979998,38.00000000619962,59.9999999840004,68754.14961599866
2.00000000979998,39.000000006099604,58.99999998410041,68232.21006801627
2.00000000979998,40.000000005999595,57.99999998420042,67740.75583534708
2.00000000979998,41.00000000589959,56.99999998430043,67278.96389771598
2.00000000979998,42.00000000579958,55.99999998440044,66846.08430657737
2.00000000979998,43.00000000569957,54.99999998450045,66441.43660115328
2.00000000979998,44.00000000559956,53.99999998460046,66064.4066455638
2.00000000979998,45.000000005499544,52.99999998470047,65714.44385725496
2.00000000979998,46.000000005399535,51.99999998480048,65391.058801289255
2.00000000979998,47.000000005299526,50.99999998490049,65093.821129025055
2.00000000979998,48.00000000519952,49.9999999850005,64822.357843355414
2.00000000979998,49.00000000509951,48.99999998510051,64576.35187605295
2.00000000979998,50.00000000499949,47.999999985200525,64355.54096594361
2.00000000979998,51.00000000489948,46.99999998530053,64159.71682965254
2.00000000979998,52.000000004799475,45.99999998540054,63988.72461958252
2.00000000979998,53.000000004699466,44.99999998550055,63842.46266664501
2.00000000979998,54.00000000459946,43.99999998560056,63720.88250811258
2.00000000979998,55.00000000449945,42.99999998570057,63623.989203843805
2.00000000979998,56.00000000439944,41.99999998580058,63551.84194709733
2.00000000979998,57.00000000429942,40.999999985900594,63504.554979249486
2.00000000979998,58.000000004199414,39.9999999860006,63482.29882101018
2.00000000979998,59.000000004099405,38.99999998610061,63485.30183626096
2.00000000979998,60.000000003999396,37.99999998620062,63513.852148472935
2.00000000979998,61.00000000389939,36.99999998630063,63568.2999338818
2.00000000979998,62.00000000379937,35.99999998640065,63649.06012028337
2.00000000979998,63.00000000369936,34.999999986500654,63756.61552556306
2.00000000979998,64.00000000359935,33.99999998660067,63891.52047600219
2.00000000979998,65.00000000349935,32.99999998670067,64054.40495114501
2.00000000979998,66.00000000339934,31.999999986800688,64245.979309720016
2.00000000979998,67.00000000329932,30.999999986900704,64467.03965997796
2.00000000979998,68.00000000319932,29.999999987000706,64718.47394805828
2.00000000979998,69.0000000030993,28.999999987100722,65001.268849898195
2.00000000979998,70.0000000029993,27.999999987200724,65316.51756607706
2.00000000979998,71.00000000289928,26.99999998730074,65665.42863524205
2.00000000979998,72.00000000279927,25.999999987400756,66049.33590086245
2.00000000979998,73.00000000269927,24.999999987500757,66469.70978860628
2.00000000979998,74.00000000259925,23.999999987600773,66928.17007833482
2.00000000979998,75.00000000249925,22.999999987700775,67426.50038646272
2.00000000979998,76.00000000239923,21.99999998780079,67966.66461233127
2.00000000979998,77.00000000229923,20.999999987900793,68550.82564765349
2.00000000979998,78.00000000219922,19.99999998800081,69181.3667027232
2.00000000979998,79.0000000020992,18.999999988100825,69860.91566907398
2.00000000979998,80.0000000019992,17.999999988200827,70592.37301832874
2.00000000979998,81.00000000189918,16.999999988300843,71378.94383451703
2.00000000979998,82.00000000179918,15.999999988400845,72224.17469651668
2.00000000979998,83.00000000169916,14.99999998850086,73131.99627407605
2.00000000979998,84.00000000159915,13.999999988600877,74106.77268229486
2.00000000979998,85.00000000149915,12.999999988700878,75153.35886479964
2.00000000979998,86.00000000139913,11.999999988800894,76277.16755731482
2.00000000979998,87.00000000129913,10.999999988900896,77484.24773686305
2.00000000979998,88.00000000119911,9.999999989000912,78781.37690854816
2.00000000979998,89.0000000010991,8.999999989100928,80176.17014989955
2.00000000979998,90.0000000009991,7.99999998920093,81677.20955983896
2.00000000979998,91.00000000089908,6.999999989300946,83294.19869654576
2.00000000979998,92.00000000079908,5.999999989400948,85038.14780558269
2.00000000979998,93.00000000069907,4.9999999895009495,86921.59723263772
2.00000000979998,94.00000000059904,3.9999999896009797,88958.88851774954
2.00000000979998,95.00000000049904,2.9999999897009815,91166.4954676583
2.00000000979998,96.00000000039903,1.9999999898009975,93563.43126673254
2.00000000979998,97.00000000029902,0.9999999899009993,96171.7527982623
3.0000000096999697,1e-08,96.99999998030003,132070.89996310775
3.0000000096999697,1.00000000989999,95.99999998040003,127970.87626847497
3.0000000096999697,2.00000000979998,94.99999998050005,124152.45643520735
3.0000000096999697,3.0000000096999697,93.99999998060007,120589.10458154442
3.0000000096999697,4.00000000959996,92.99999998070007,117257.55159970169
3.0000000096999697,5.000000009499949,91.99999998080008,114137.30917557875
3.0000000096999697,6.0000000093999395,90.99999998090009,111210.26813217052
3.0000000096999697,7.00000000929993,89.9999999810001,108460.3645113468
3.0000000096999697,8.000000009199919,88.9999999811001,105873.30043519974
3.0000000096999697,9.000000009099908,87.99999998120012,103436.30954635481
3.0000000096999697,10.000000008999898,86.99999998130014,101137.95894152975
3.0000000096999697,11.000000008899889,85.99999998140014,98967.98114671327
3.0000000096999697,12.000000008799878,84.99999998150015,96917.13095407661
3.0000000096999697,13.00000000869987,83.99999998160015,94977.06293726606
3.0000000096999697,14.00000000859986,82.99999998170017,93140.22624766357
3.0000000096999697,15.00000000849985,81.99999998180019,91399.77391787205
3.0000000096999697,16.00000000839984,80.99999998190019,89749.4843964705
3.0000000096999697,17.00000000829983,79.9999999820002,88183.69343760776
3.0000000096999697,18.00000000819982,78.9999999821002,86697.23479135492
3.0000000096999697,19.00000000809981,77.99999998220022,85285.38840213607
3.0000000096999697,20.000000007999798,76.99999998230024,83943.83503554628
3.0000000096999697,21.00000000789979,75.99999998240024,82668.61642821161
3.0000000096999697,22.00000000779978,74.99999998250024,81456.10019869014
3.0000000096999697,23.000000007699768,73.99999998260026,80302.94887576016
3.0000000096999697,24.00000000759976,72.99999998270027,79206.092498555
3.0000000096999697,25.000000007499747,71.99999998280029,78162.70432465446
3.0000000096999697,26.000000007399738,70.99999998290029,77170.17925045115
3.0000000096999697,27.00000000729973,69.9999999830003,76226.11460529627
3.0000000096999697,28.00000000719972,68.99999998310031,75328.29302904259
3.0000000096999697,29.000000007099707,67.99999998320033,74474.667183222
3.0000000096999697,30.0000000069997,66.99999998330034,73663.34608049988
3.0000000096999697,31.000000006899686,65.99999998340034,72892.58284628995
3.0000000096999697,32.00000000679968,64.99999998350035,72160.76375133867
3.0000000096999697,33.00000000669967,63.99999998360036,71466.39837541137
3.0000000096999697,34.000000006599656,62.99999998370038,70808.11078050484
3.0000000096999697,35.00000000649965,61.999999983800386,70184.6315877586
3.0000000096999697,36.00000000639964,60.999999983900395,69594.79086583645
3.0000000096999697,37.00000000629963,59.999999984000404,69037.5117503366
3.0000000096999697,38.00000000619962,58.99999998410041,68511.80472403679
3.0000000096999697,39.000000006099604,57.99999998420043,68016.76249673005
3.0000000096999697,40.000000005999595,56.99999998430044,67551.55543124945
3.0000000096999697,41.00000000589959,55.999999984400446,67115.42746918809
3.0000000096999697,42.00000000579958,54.999999984500455,66707.69251593128
3.0000000096999697,43.00000000569957,53.999999984600464,66327.73125005887
3.0000000096999697,44.00000000559956,52.99999998470047,65974.98832704665
3.0000000096999697,45.000000005499544,51.99999998480049,65648.96995158991
3.0000000096999697,46.000000005399535,50.9999999849005,65349.241796871895
3.0000000096999697,47.000000005299526,49.99999998500051,65075.42725276836
3.0000000096999697,48.00000000519952,48.999999985100516,64827.205988387184
3.0000000096999697,49.00000000509951,47.999999985200525,64604.312817541264
3.0000000096999697,50.00000000499949,46.99999998530054,64406.53685879679
3.0000000096999697,51.00000000489948,45.99999998540055,64233.720984678286
3.0000000096999697,52.000000004799475,44.99999998550056,64085.76155749284
3.0000000096999697,53.000000004699466,43.99999998560057,63962.60845210384
3.0000000096999697,54.00000000459946,42.999999985700576,63864.26536888808
3.0000000096999697,55.00000000449945,41.999999985800585,63790.790443095146
3.0000000096999697,56.00000000439944,40.999999985900594,63742.297159946036
3.0000000096999697,57.00000000429942,39.99999998600061,63718.955588111145
3.0000000096999697,58.000000004199414,38.99999998610062,63720.99394775733
3.0000000096999697,59.000000004099405,37.99999998620063,63748.70053321437
3.0000000096999697,60.000000003999396,36.99999998630064,63802.42601455547
3.0000000096999697,61.00000000389939,35.99999998640064,63882.58614710292
3.0000000096999697,62.00000000379937,34.999999986500654,63989.66492315279
3.0000000096999697,63.00000000369936,33.99999998660067,64124.218206179175
3.0000000096999697,64.00000000359935,32.99999998670067,64286.87789456144
3.0000000096999697,65.00000000349935,31.999999986800674,64478.356669637054
3.0000000096999697,66.00000000339934,30.99999998690069,64699.45339180681
3.0000000096999697,67.00000000329932,29.999999987000706,64951.0592187347
3.0000000096999697,68.00000000319932,28.999999987100708,65234.16453166348
3.0000000096999697,69.0000000030993,27.999999987200724,65549.86676983627
3.0000000096999697,70.0000000029993,26.999999987300725,65899.37928937291
3.0000000096999697,71.00000000289928,25.99999998740074,66284.04138218056
3.0000000096999697,72.00000000279927,24.999999987500757,66705.32961317232
3.0000000096999697,73.00000000269927,23.99999998760076,67164.87066095312
3.0000000096999697,74.00000000259925,22.999999987700775,67664.45587910128
3.0000000096999697,75.00000000249925,21.999999987800777,68206.05783333602
3.0000000096999697,76.00000000239923,20.999999987900793,68791.84911559425
3.0000000096999697,77.00000000229923,19.999999988000795,69424.22379106082
3.0000000096999697,78.00000000219922,18.99999998810081,70105.82190066771
3.0000000096999697,79.0000000020992,17.999999988200827,70839.55752221966
3.0000000096999697,80.0000000019992,16.99999998830083,71628.65099156443
3.0000000096999697,81.00000000189918,15.999999988400845,72476.6660055062
3.0000000096999697,82.00000000179918,14.999999988500846,73387.55247608706
3.0000000096999697,83.00000000169916,13.999999988600862,74365.69618869269
3.0000000096999697,84.00000000159915,12.999999988700878,75415.97654358363
3.0000000096999697,85.00000000149915,11.99999998880088,76543.83394418159
3.0000000096999697,86.00000000139913,10.999999988900896,77755.34875187182
3.0000000096999697,87.00000000129913,9.999999989000898,79057.33417752718
3.0000000096999697,88.00000000119911,8.999999989100914,80457.44605281703
3.0000000096999697,89.0000000010991,7.99999998920093,81964.31315774488
3.0000000096999697,90.0000000009991,6.999999989300932,83587.69272637062
3.0000000096999697,91.00000000089908,5.999999989400948,85338.65698074659
3.0000000096999697,92.00000000079908,4.9999999895009495,87229.8181508038
3.0000000096999697,93.00000000069907,3.9999999896009513,89275.60156028955
3.0000000096999697,94.00000000059904,2.9999999897009815,91492.57918570844
3.0000000096999697,95.00000000049904,1.9999999898009833,93899.87989633021
3.0000000096999697,96.00000000039903,0.9999999899009993,96519.69774664716
4.00000000959996,1e-08,95.99999998040003,128670.21111447235
4.00000000959996,1.00000000989999,94.99999998050005,124823.72418056114
4.00000000959996,2.00000000979998,93.99999998060007,121234.3798256994
4.00000000959996,3.0000000096999697,92.99999998070007,117878.6986344593
4.00000000959996,4.00000000959996,91.99999998080008,114736.00929305902
4.00000000959996,5.000000009499949,90.99999998090009,111788.04267588806
4.00000000959996,6.0000000093999395,89.9999999810001,109018.59443898755
4.00000000959996,7.00000000929993,88.9999999811001,106413.24300518657
4.00000000959996,8.000000009199919,87.99999998120012,103959.1126190572
4.00000000959996,9.000000009099908,86.99999998130014,101644.67329134005
4.00000000959996,10.000000008999898,85.99999998140014,99459.5711068063
4.00000000959996,11.000000008899889,84.99999998150015,97394.48365676543
4.00000000959996,12.000000008799878,83.99999998160015,95440.9963659344
4.00000000959996,13.00000000869987,82.99999998170017,93591.49627863307
4.00000000959996,14.00000000859986,81.99999998180019,91839.0805002264
4.00000000959996,15.00000000849985,80.99999998190019,90177.47699326478
4.00000000959996,16.00000000839984,79.99999998200019,88600.97583184733
4.00000000959996,17.00000000829983,78.9999999821002,87104.3693437122
4.00000000959996,18.00000000819982,77.99999998220022,85682.89983386283
4.00000000959996,19.00000000809981,76.99999998230024,84332.21379887185
4.00000000959996,20.000000007999798,75.99999998240024,83048.32171724614
4.00000000959996,21.00000000789979,74.99999998250024,81827.56264612233
4.00000000959996,22.00000000779978,73.99999998260026,80666.57297417091
4.00000000959996,23.000000007699768,72.99999998270027,79562.25877973429
4.00000000959996,24.00000000759976,71.99999998280029,78511.77132572804
4.00000000959996,25.000000007499747,70.99999998290029,77512.48529174778
4.00000000959996,26.000000007399738,69.9999999830003,76561.97940159724
4.00000000959996,27.00000000729973,68.99999998310031,75658.01915305543
4.00000000959996,28.00000000719972,67.99999998320033,74798.54139772792
4.00000000959996,29.000000007099707,66.99999998330034,73981.64055357825
4.00000000959996,30.0000000069997,65.99999998340034,73205.55626226343
4.00000000959996,31.000000006899686,64.99999998350035,72468.66232857008
4.00000000959996,32.00000000679968,63.99999998360036,71769.45680077738
4.00000000959996,33.00000000669967,62.99999998370037,71106.55306924191
4.00000000959996,34.000000006599656,61.999999983800386,70478.67187639825
4.00000000959996,35.00000000649965,60.999999983900395,69884.63414509808
4.00000000959996,36.00000000639964,59.999999984000404,69323.35454410702
4.00000000959996,37.00000000629963,58.99999998410041,68793.83571992241
4.00000000959996,38.00000000619962,57.99999998420042,68295.16313310924
4.00000000959996,39.000000006099604,56.99999998430044,67826.50044526157
4.00000000959996,40.000000005999595,55.999999984400446,67387.08540967207
4.00000000959996,41.00000000589959,54.999999984500455,66976.22622495415
4.00000000959996,42.00000000579958,53.999999984600464,66593.29831635127
4.00000000959996,43.00000000569957,52.99999998470047,66237.74151438246
4.00000000959996,44.00000000559956,51.99999998480048,65909.0576049036
4.00000000959996,45.000000005499544,50.9999999849005,65606.80822869694
4.00000000959996,46.000000005399535,49.99999998500051,65330.613112402934
4.00000000959996,47.000000005299526,48.999999985100516,65080.148616040366
4.00000000959996,48.00000000519952,47.999999985200525,64855.14658558714
4.00000000959996,49.00000000509951,46.99999998530053,64655.39350216229
4.00000000959996,50.00000000499949,45.99999998540055,64480.72992230903
4.00000000959996,51.00000000489948,44.99999998550056,64331.05020678284
4.00000000959996,52.000000004799475,43.99999998560057,64206.30253813588
4.00000000959996,53.000000004699466,42.999999985700576,64106.489230313164
4.00000000959996,54.00000000459946,41.999999985800585,64031.66733648161
4.00000000959996,55.00000000449945,40.999999985900594,63981.94956445108
4.00000000959996,56.00000000439944,39.9999999860006,63957.505512372096
4.00000000959996,57.00000000429942,38.99999998610062,63958.563240967655
4.00000000959996,58.000000004199414,37.99999998620063,63985.41120243993
4.00000000959996,59.000000004099405,36.99999998630064,64038.40055046654
4.00000000959996,60.000000003999396,35.99999998640064,64117.94786044485
4.00000000959996,61.00000000389939,34.999999986500654,64224.53829445994
4.00000000959996,62.00000000379937,33.99999998660067,64358.729251455625
4.00000000959996,63.00000000369936,32.99999998670067,64521.15454991317
4.00000000959996,64.00000000359935,31.999999986800688,64712.5291981513
4.00000000959996,65.00000000349935,30.99999998690069,64933.654816341084
4.00000000959996,66.00000000339934,29.999999987000706,65185.42578471153
4.00000000959996,67.00000000329932,28.999999987100722,65468.8362044771
4.00000000959996,68.00000000319932,27.999999987200724,65784.98777207913
4.00000000959996,69.0000000030993,26.99999998730074,66135.09868379851
4.00000000959996,70.0000000029993,25.99999998740074,66520.51370715557
4.00000000959996,71.00000000289928,24.999999987500757,66942.71557836016
4.00000000959996,72.00000000279927,23.999999987600773,67403.33791214168
4.00000000959996,73.00000000269927,22.999999987700775,67904.17984247874
4.00000000959996,74.00000000259925,21.99999998780079,68447.22265117521
4.00000000959996,75.00000000249925,20.999999987900793,69034.64868728271
4.00000000959996,76.00000000239923,19.99999998800081,69668.86293578608
4.00000000959996,77.00000000229923,18.99999998810081,70352.51766091786
4.00000000959996,78.00000000219922,17.999999988200827,71088.54063070148
4.00000000959996,79.0000000020992,16.999999988300843,71880.1675283168
4.00000000959996,80.0000000019992,15.999999988400845,72730.97927706734
4.00000000959996,81.00000000189918,14.99999998850086,73644.94515479161
4.00000000959996,82.00000000179918,13.999999988600862,74626.47275781618
4.00000000959996,83.00000000169916,12.999999988700878,75680.46610349203
4.00000000959996,84.00000000159915,11.999999988800894,76812.393446371
4.00000000959996,85.00000000149915,10.999999988900896,78028.36674243069
4.00000000959996,86.00000000139913,9.999999989000912,79335.23514996438
4.00000000959996,87.00000000129913,8.999999989100914,80740.69553348141
4.00000000959996,88.00000000119911,7.99999998920093,82253.4236767061
4.00000000959996,89.0000000010991,6.999999989300946,83883.23086464527
4.00000000959996,90.0000000009991,5.999999989400948,85641.25173386814
4.00000000959996,91.00000000089908,4.999999989500964,87540.17091269937
4.00000000959996,92.00000000079908,3.9999999896009655,89594.49811545124
4.00000000959996,93.00000000069907,2.9999999897009673,91820.90420901813
4.00000000959996,94.00000000059904,1.9999999898009975,94238.6346089666
4.00000000959996,95.00000000049904,0.9999999899009993,96870.02157810728
5.000000009499949,1e-08,94.99999998050005,125502.06123727224
5.000000009499949,1.00000000989999,93.99999998060007,121886.41045745007
5.000000009499949,2.00000000979998,92.99999998070007,118506.3105472045
5.000000009499949,3.0000000096999697,91.99999998080008,115340.90481063613
5.000000009499949,4.00000000959996,90.99999998090009,112371.76210051005
5.000000009499949,5.000000009499949,89.9999999810001,109582.53587508472
5.000000009499949,6.0000000093999395,88.9999999811001,106958.67926744766
5.000000009499949,7.00000000929993,87.99999998120012,104487.20572249651
5.000000009499949,8.000000009199919,86.99999998130014,102156.48692519813
5.000000009499949,9.000000009099908,85.99999998140014,99956.0814186011
5.000000009499949,10.000000008999898,84.99999998150015,97876.58861306218
5.000000009499949,11.000000008899889,83.99999998160015,95909.52390879627
5.000000009499949,12.000000008799878,82.99999998170017,94047.21145855881
5.000000009499949,13.00000000869987,81.99999998180019,92282.69173561767
5.000000009499949,14.00000000859986,80.99999998190019,90609.64158152734
5.000000009499949,15.00000000849985,79.9999999820002,89022.3048169072
5.000000009499949,16.00000000839984,78.9999999821002,87515.43182808366
5.000000009499949,17.00000000829983,77.99999998220022,86084.22680971056
5.000000009499949,18.00000000819982,76.99999998230024,84724.30156118672
5.000000009499949,19.00000000809981,75.99999998240024,83431.63491285835
5.000000009499949,20.000000007999798,74.99999998250026,82202.53700443971
5.000000009499949,21.00000000789979,73.99999998260026,81033.61775897602
5.000000009499949,22.00000000779978,72.99999998270027,79921.75899586556
5.000000009499949,23.000000007699768,71.99999998280029,78864.08970982856
5.000000009499949,24.00000000759976,70.99999998290029,77857.96411233756
5.000000009499949,25.000000007499747,69.99999998300031,76900.94209039274
5.000000009499949,26.000000007399738,68.99999998310031,75990.77178662115
5.000000009499949,27.00000000729973,67.99999998320033,75125.3740461239
5.000000009499949,28.00000000719972,66.99999998330033,74302.8285105905
5.000000009499949,29.000000007099707,65.99999998340034,73521.36117002461
5.000000009499949,30.0000000069997,64.99999998350035,72779.33320784367
5.000000009499949,31.000000006899686,63.99999998360036,72075.23099685548
5.000000009499949,32.00000000679968,62.99999998370037,71407.65712226297
5.000000009499949,33.00000000669967,61.99999998380038,70775.32232389985
5.000000009499949,34.000000006599656,60.999999983900395,70177.03826375915
5.000000009499949,35.00000000649965,59.999999984000404,69611.71103688578
5.000000009499949,36.00000000639964,58.99999998410041,69078.33535414583
5.000000009499949,37.00000000629963,57.99999998420042,68575.98933450061
5.000000009499949,38.00000000619962,56.99999998430043,68103.82985240019
5.000000009499949,39.000000006099604,55.999999984400446,67661.08839294538
5.000000009499949,40.000000005999595,54.999999984500455,67247.06737368787
5.000000009499949,41.00000000589959,53.999999984600464,66861.13689747537
5.000000009499949,42.00000000579958,52.99999998470047,66502.73190570544
5.000000009499949,43.00000000569957,51.99999998480048,66171.34970582215
5.000000009499949,44.00000000559956,50.99999998490049,65866.54785095593
5.000000009499949,45.000000005499544,49.99999998500051,65587.94235333736
5.000000009499949,46.000000005399535,48.999999985100516,65335.20621658005
5.000000009499949,47.000000005299526,47.999999985200525,65108.0682751748
5.000000009499949,48.00000000519952,46.99999998530053,64906.31233263251
5.000000009499949,49.00000000509951,45.99999998540054,64729.77659269377
5.000000009499949,50.00000000499949,44.99999998550056,64578.35338094872
5.000000009499949,51.00000000489948,43.99999998560057,64451.98915711872
5.000000009499949,52.000000004799475,42.999999985700576,64350.68482119673
5.000000009499949,53.000000004699466,41.999999985800585,64274.49631966801
5.000000009499949,54.00000000459946,40.999999985900594,64223.53556119337
5.000000009499949,55.00000000449945,39.9999999860006,64197.971654483306
5.000000009499949,56.00000000439944,38.99999998610061,64198.032484687916
5.000000009499949,57.00000000429942,37.99999998620063,64224.00664853586
5.000000009499949,58.000000004199414,36.99999998630064,64276.24577275526
5.000000009499949,59.000000004099405,35.99999998640064,64355.167245084864
5.000000009499949,60.000000003999396,34.999999986500654,64461.257392533036
5.000000009499949,61.00000000389939,33.99999998660067,64595.07514758417
5.000000009499949,62.00000000379937,32.999999986700686,64757.256249920814
5.000000009499949,63.00000000369936,31.999999986800688,64948.51803908671
5.000000009499949,64.00000000359935,30.99999998690069,65169.66490255477
5.000000009499949,65.00000000349935,29.999999987000706,65421.594454111815
5.000000009499949,66.00000000339934,28.999999987100722,65705.30452960488
5.000000009499949,67.00000000329932,27.999999987200738,66021.90110124719
5.000000009499949,68.00000000319932,26.999999987300725,66372.60722825467
5.000000009499949,69.0000000030993,25.99999998740074,66758.77318107172
5.000000009499949,70.0000000029993,24.999999987500757,67181.88789944458
5.000000009499949,71.00000000289928,23.999999987600773,67643.59197185293
5.000000009499949,72.00000000279927,22.99999998770079,68145.69235621962
5.000000009499949,73.00000000269927,21.999999987800777,68690.17910051336
