% (Ta),% (V),% (Nb),Sigma_e0
1e-08,1e-08,99.99999998,143927.99983970585
1e-08,1.00000000989999,98.99999998010001,129946.24593690991
1e-08,2.00000000979998,97.99999998020002,118567.82373094963
1e-08,3.0000000096999697,96.99999998030003,109130.93567453862
1e-08,4.00000000959996,95.99999998040003,101180.68477369404
1e-08,5.000000009499949,94.99999998050005,94394.08525983478
1e-08,6.0000000093999395,93.99999998060007,88535.48415928963
1e-08,7.00000000929993,92.99999998070007,83428.91651581808
1e-08,8.000000009199919,91.99999998080008,78940.33657781886
1e-08,9.000000009099908,90.99999998090009,74965.84010602803
1e-08,10.000000008999898,89.9999999810001,71423.6465018881
1e-08,11.000000008899889,88.9999999811001,68248.51120918269
1e-08,12.000000008799878,87.99999998120012,65387.750323236745
1e-08,13.00000000869987,86.99999998130014,62798.3596153685
1e-08,14.00000000859986,85.99999998140014,60444.891899942544
1e-08,15.00000000849985,84.99999998150015,58297.8696597725
1e-08,16.00000000839984,83.99999998160015,56332.581822306944
1e-08,17.00000000829983,82.99999998170017,54528.160442950604
1e-08,18.00000000819982,81.99999998180019,52866.864175131464
1e-08,19.00000000809981,80.99999998190019,51333.51645240063
1e-08,20.000000007999798,79.9999999820002,49915.060775690064
1e-08,21.00000000789979,78.9999999821002,48600.20559653455
1e-08,22.00000000779978,77.99999998220022,47379.13843369631
1e-08,23.000000007699768,76.99999998230024,46243.29398435452
1e-08,24.00000000759976,75.99999998240024,45185.16470867407
1e-08,25.000000007499747,74.99999998250026,44198.14509420718
1e-08,26.000000007399738,73.99999998260026,43276.40282873483
1e-08,27.00000000729973,72.99999998270027,42414.77162392138
1e-08,28.00000000719972,71.99999998280028,41608.66157570086
1e-08,29.000000007099707,70.99999998290029,40853.98381860059
1e-08,30.0000000069997,69.9999999830003,40147.086900420916
1e-08,31.000000006899686,68.99999998310031,39484.702821612605
1e-08,32.00000000679968,67.99999998320033,38863.90108741953
1e-08,33.00000000669967,66.99999998330033,38282.04943771528
1e-08,34.000000006599656,65.99999998340034,37736.78016976427
1e-08,35.00000000649965,64.99999998350035,37225.96116809021
1e-08,36.00000000639964,63.99999998360036,36747.67091471137
1e-08,37.00000000629963,62.99999998370037,36300.17688092511
1e-08,38.00000000619962,61.99999998380038,35881.91680526367
1e-08,39.000000006099604,60.999999983900395,35491.48244634246
1e-08,40.000000005999595,59.999999984000404,35127.60546806032
1e-08,41.00000000589959,58.99999998410041,34789.145171097836
1e-08,42.00000000579958,57.99999998420042,34475.07783133221
1e-08,43.00000000569957,56.99999998430043,34184.48744456653
1e-08,44.00000000559956,55.99999998440044,33916.5577093903
1e-08,45.000000005499544,54.999999984500455,33670.56510726291
1e-08,46.000000005399535,53.999999984600464,33445.872962028865
1e-08,47.000000005299526,52.99999998470047,33241.92638082839
1e-08,48.00000000519952,51.99999998480048,33058.24799541024
1e-08,49.00000000509951,50.99999998490049,32894.434437726115
1e-08,50.00000000499949,49.99999998500051,32750.15349683569
1e-08,51.00000000489948,48.999999985100516,32625.14191596362
1e-08,52.000000004799475,47.999999985200525,32519.20379935481
1e-08,53.000000004699466,46.99999998530053,32432.209608668803
1e-08,54.00000000459946,45.99999998540054,32364.09573830429
1e-08,55.00000000449945,44.99999998550055,32314.864668510156
1e-08,56.00000000439944,43.99999998560056,32284.58570466411
1e-08,57.00000000429942,42.999999985700576,32273.39632094324
1e-08,58.000000004199414,41.999999985800585,32281.50413703916
1e-08,59.000000004099405,40.999999985900594,32309.18956788044
1e-08,60.000000003999396,39.9999999860006,32356.80919884991
1e-08,61.00000000389939,38.99999998610061,32424.799953111502
1e-08,62.00000000379937,37.99999998620063,32513.68413384702
1e-08,63.00000000369936,36.99999998630064,32624.0754430015
1e-08,64.00000000359935,35.99999998640065,32756.686100216797
1e-08,65.00000000349935,34.999999986500654,32912.335211830126
1e-08,66.00000000339934,33.99999998660067,33091.95857116148
1e-08,67.00000000329932,32.999999986700686,33296.62010911413
1e-08,68.00000000319932,31.999999986800688,33527.525260013
1e-08,69.0000000030993,30.999999986900704,33786.03656370898
1e-08,70.0000000029993,29.999999987000706,34073.691893981704
1e-08,71.00000000289928,28.999999987100722,34392.225788665535
1e-08,72.00000000279927,27.999999987200738,34743.59446324292
1e-08,73.00000000269927,26.99999998730074,35130.005222839885
1e-08,74.00000000259925,25.999999987400756,35553.951155468414
1e-08,75.00000000249925,24.999999987500757,36018.25220241609
1e-08,76.00000000239923,23.999999987600773,36526.10397386265
1e-08,77.00000000229923,22.999999987700775,37081.13602797375
1e-08,78.00000000219922,21.99999998780079,37687.48178559678
1e-08,79.0000000020992,20.999999987900807,38349.86284560215
1e-08,80.0000000019992,19.99999998800081,39073.69124692466
1e-08,81.00000000189918,18.999999988100825,39865.194261236866
1e-08,82.00000000179918,17.999999988200827,40731.56769240094
1e-08,83.00000000169916,16.999999988300843,41681.16554516014
1e-08,84.00000000159915,15.999999988400859,42723.73650882476
1e-08,85.00000000149915,14.99999998850086,43870.721280418256
1e-08,86.00000000139913,13.999999988600877,45135.62977115714
1e-08,87.00000000129913,12.999999988700878,46534.524374891116
1e-08,88.00000000119911,11.999999988800894,48086.64576645194
1e-08,89.0000000010991,10.99999998890091,49815.232771599454
1e-08,90.0000000009991,9.999999989000912,51748.61031499818
1e-08,91.00000000089908,8.999999989100928,53921.65356711082
1e-08,92.00000000079908,7.99999998920093,56377.789298038006
1e-08,93.00000000069907,6.999999989300932,59171.77933186772
1e-08,94.00000000059904,5.999999989400962,62373.66747302162
1e-08,95.00000000049904,4.999999989500964,66074.49972637597
1e-08,96.00000000039903,3.9999999896009797,70394.82249639578
1e-08,97.00000000029902,2.9999999897009815,75497.6712807513
1e-08,98.00000000019902,1.9999999898009833,81609.0854051747
1e-08,99.00000000009899,0.9999999899010135,89051.78018864275
1.00000000989999,1e-08,98.99999998010001,142079.7810109375
1.00000000989999,1.00000000989999,97.99999998020002,128493.51012910464
1.00000000989999,2.00000000979998,96.99999998030003,117404.49768160973
1.00000000989999,3.0000000096999697,95.99999998040003,108185.52440089449
1.00000000989999,4.00000000959996,94.99999998050005,100403.29836843403
1.00000000989999,5.000000009499949,93.99999998060007,93748.88772136506
1.00000000989999,6.0000000093999395,92.99999998070007,87996.09579527822
1.00000000989999,7.00000000929993,91.99999998080008,82975.50633649078
1.00000000989999,8.000000009199919,90.99999998090009,78557.72278718202
1.00000000989999,9.000000009099908,89.9999999810001,74642.21381523037
1.00000000989999,10.000000008999898,88.99999998110012,71149.6928706395
1.00000000989999,11.000000008899889,87.99999998120012,68016.79101524604
1.00000000989999,12.000000008799878,86.99999998130014,65192.256340049025
1.00000000989999,13.00000000869987,85.99999998140014,62634.1928673342
1.00000000989999,14.00000000859986,84.99999998150015,60308.021719948505
1.00000000989999,15.00000000849985,83.99999998160015,58184.95335334165
1.00000000989999,16.00000000839984,82.99999998170017,56240.82739961901
1.00000000989999,17.00000000829983,81.99999998180019,54455.22091726183
1.00000000989999,18.00000000819982,80.99999998190019,52810.75530252211
1.00000000989999,19.00000000809981,79.9999999820002,51292.55208981986
1.00000000989999,20.000000007999798,78.9999999821002,49887.80162853725
1.00000000989999,21.00000000789979,77.99999998220022,48585.418247132104
1.00000000989999,22.00000000779978,76.99999998230024,47375.762339519824
1.00000000989999,23.000000007699768,75.99999998240024,46250.41470974956
1.00000000989999,24.00000000759976,74.99999998250026,45201.992072935434
1.00000000989999,25.000000007499747,73.99999998260026,44223.9952277883
1.00000000989999,26.000000007399738,72.99999998270027,43310.68335928042
1.00000000989999,27.00000000729973,71.99999998280029,42456.96938657168
1.00000000989999,28.00000000719972,70.99999998290029,41658.33237306645
1.00000000989999,29.000000007099707,69.99999998300031,40910.74385589764
1.00000000989999,30.0000000069997,68.99999998310031,40210.60559836568
1.00000000989999,31.000000006899686,67.99999998320033,39554.69676952516
1.00000000989999,32.00000000679968,66.99999998330033,38940.128945778466
1.00000000989999,33.00000000669967,65.99999998340033,38364.30763623998
1.00000000989999,34.000000006599656,64.99999998350035,37824.89927629559
1.00000000989999,35.00000000649965,63.99999998360036,37319.802826832194
1.00000000989999,36.00000000639964,62.99999998370037,36847.12527110342
1.00000000989999,37.00000000629963,61.99999998380038,36405.1604255395
1.00000000989999,38.00000000619962,60.99999998390039,35992.37058144062
1.00000000989999,39.000000006099604,59.999999984000404,35607.37057637891
1.00000000989999,40.000000005999595,58.99999998410041,35248.91396112562
1.00000000989999,41.00000000589959,57.99999998420042,34915.88098302598
1.00000000989999,42.00000000579958,56.99999998430043,34607.26815232224
1.00000000989999,43.00000000569957,55.99999998440044,34322.179195846555
1.00000000989999,44.00000000559956,54.99999998450045,34059.817234247465
1.00000000989999,45.000000005499544,53.999999984600464,33819.47804566998
1.00000000989999,46.000000005399535,52.99999998470047,33600.544301531925
1.00000000989999,47.000000005299526,51.99999998480048,33402.48067950856
1.00000000989999,48.00000000519952,50.99999998490049,33224.82977569087
1.00000000989999,49.00000000509951,49.9999999850005,33067.20875264713
1.00000000989999,50.00000000499949,48.999999985100516,32929.306673240186
1.00000000989999,51.00000000489948,47.999999985200525,32810.882481911314
1.00000000989999,52.000000004799475,46.99999998530053,32711.763606069042
1.00000000989999,53.000000004699466,45.99999998540054,32631.8451605166
1.00000000989999,54.00000000459946,44.99999998550055,32571.089747787984
1.00000000989999,55.00000000449945,43.99999998560056,32529.52785710569
1.00000000989999,56.00000000439944,42.99999998570057,32507.25887468551
1.00000000989999,57.00000000429942,41.999999985800585,32504.45272856637
1.00000000989999,58.000000004199414,40.999999985900594,32521.352202329494
1.00000000989999,59.000000004099405,39.9999999860006,32558.27596431487
1.00000000989999,60.000000003999396,38.99999998610061,32615.622372614624
1.00000000989999,61.00000000389939,37.99999998620062,32693.87413165815
1.00000000989999,62.00000000379937,36.99999998630064,32793.60389411847
1.00000000989999,63.00000000369936,35.99999998640065,32915.48092279467
1.00000000989999,64.00000000359935,34.999999986500654,33060.27895182941
1.00000000989999,65.00000000349935,33.999999986600656,33228.885416064484
1.00000000989999,66.00000000339934,32.99999998670067,33422.31225271687
1.00000000989999,67.00000000329932,31.999999986800688,33641.70852238745
1.00000000989999,68.00000000319932,30.99999998690069,33888.37514861878
1.00000000989999,69.0000000030993,29.999999987000706,34163.782139257666
1.00000000989999,70.0000000029993,28.999999987100708,34469.58873193149
1.00000000989999,71.00000000289928,27.999999987200724,34807.66700413033
1.00000000989999,72.00000000279927,26.99999998730074,35180.12961108767
1.00000000989999,73.00000000269927,25.99999998740074,35589.362468952444
1.00000000989999,74.00000000259925,24.999999987500757,36038.06339603779
1.00000000989999,75.00000000249925,23.99999998760076,36529.28797375993
1.00000000989999,76.00000000239923,22.999999987700775,37066.50420813296
1.00000000989999,77.00000000229923,21.999999987800777,37653.6579852941
1.00000000989999,78.00000000219922,20.999999987900793,38295.25185190916
1.00000000989999,79.0000000020992,19.99999998800081,38996.44035688706
1.00000000989999,80.0000000019992,18.99999998810081,39763.14612527208
1.00000000989999,81.00000000189918,17.999999988200827,40602.20208410304
1.00000000989999,82.00000000179918,16.99999998830083,41521.52694563957
1.00000000989999,83.00000000169916,15.999999988400845,42530.343352218006
1.00000000989999,84.00000000159915,14.99999998850086,43639.451257502085
1.00000000989999,85.00000000149915,13.999999988600862,44861.57354444173
1.00000000989999,86.00000000139913,12.999999988700878,46211.79713829687
1.00000000989999,87.00000000129913,11.99999998880088,47708.141847415885
1.00000000989999,88.00000000119911,10.999999988900896,49372.302231499554
1.00000000989999,89.0000000010991,9.999999989000912,51230.62714140733
1.00000000989999,90.0000000009991,8.999999989100914,53315.43073575664
1.00000000989999,91.00000000089908,7.99999998920093,55666.77362384602
1.00000000989999,92.00000000079908,6.999999989300932,58334.92327907902
1.00000000989999,93.00000000069907,5.9999999894009335,61383.8164203522
1.00000000989999,94.00000000059904,4.999999989500964,64896.03402134055
1.00000000989999,95.00000000049904,3.9999999896009655,68980.12041005101
1.00000000989999,96.00000000039903,2.9999999897009815,73781.64476727707
1.00000000989999,97.00000000029902,1.9999999898009833,79500.44542935565
1.00000000989999,98.00000000019902,0.999999989900985,86418.50295632535
2.00000000979998,1e-08,97.99999998020002,140311.14980091996
2.00000000979998,1.00000000989999,96.99999998030003,127100.37028219596
2.00000000979998,2.00000000979998,95.99999998040003,116287.30208323713
2.00000000979998,3.0000000096999697,94.99999998050005,107276.825962965
2.00000000979998,4.00000000959996,93.99999998060007,99655.8293266732
2.00000000979998,5.000000009499949,92.99999998070007,93128.57349694378
2.00000000979998,6.0000000093999395,91.99999998080008,87477.77704615747
2.00000000979998,7.00000000929993,90.99999998090009,82540.22035263624
2.00000000979998,8.000000009199919,89.9999999810001,78190.92004277119
2.00000000979998,9.000000009099908,88.99999998110012,74332.555324643
2.00000000979998,10.000000008999898,87.99999998120012,70888.21941534536
2.00000000979998,11.000000008899889,86.99999998130014,67796.33691495044
2.00000000979998,12.000000008799878,85.99999998140014,65007.02788535085
2.00000000979998,13.00000000869987,84.99999998150015,62479.45998787045
2.00000000979998,14.00000000859986,83.99999998160015,60179.88901021824
2.00000000979998,15.00000000849985,82.99999998170017,58080.18767173444
2.00000000979998,16.00000000839984,81.99999998180019,56156.726427505826
2.00000000979998,17.00000000829983,80.99999998190019,54389.51179574648
2.00000000979998,18.00000000819982,79.9999999820002,52761.515643213206
2.00000000979998,19.00000000809981,78.9999999821002,51258.14782817193
2.00000000979998,20.000000007999798,77.99999998220022,49866.83769577498
2.00000000979998,21.00000000789979,76.99999998230024,48576.69909791846
2.00000000979998,22.00000000779978,75.99999998240024,47378.26012939021
2.00000000979998,23.000000007699768,74.99999998250026,46263.24346278598
2.00000000979998,24.00000000759976,73.99999998260026,45224.38657919305
2.00000000979998,25.000000007499747,72.99999998270027,44255.29370447571
2.00000000979998,26.000000007399738,71.99999998280029,43350.31312919108
2.00000000979998,27.00000000729973,70.99999998290029,42504.434992389026
2.00000000979998,28.00000000719972,69.9999999830003,41713.20567147967
2.00000000979998,29.000000007099707,68.99999998310031,40972.65573135527
2.00000000979998,30.0000000069997,67.99999998320033,40279.23901024649
2.00000000979998,31.000000006899686,66.99999998330034,39629.78090396725
2.00000000979998,32.00000000679968,65.99999998340033,39021.43428837537
2.00000000979998,33.00000000669967,64.99999998350035,38451.64181725007
2.00000000979998,34.000000006599656,63.99999998360036,37918.10356812524
2.00000000979998,35.00000000649965,62.99999998370037,37418.749196008874
2.00000000979998,36.00000000639964,61.99999998380038,36951.713905011784
2.00000000979998,37.00000000629963,60.99999998390039,36515.317668812924
2.00000000979998,38.00000000619962,59.9999999840004,36108.0472288237
2.00000000979998,39.000000006099604,58.99999998410041,35728.54047867569
2.00000000979998,40.000000005999595,57.99999998420042,35375.572908971626
2.00000000979998,41.00000000589959,56.99999998430043,35048.04584002081
2.00000000979998,42.00000000579958,55.99999998440044,34744.976214814014
2.00000000979998,43.00000000569957,54.99999998450045,34465.48776159224
2.00000000979998,44.00000000559956,53.99999998460046,34208.80336646781
2.00000000979998,45.000000005499544,52.99999998470047,33974.23852282144
2.00000000979998,46.000000005399535,51.99999998480048,33761.19574655799
2.00000000979998,47.000000005299526,50.99999998490049,33569.15986551504
2.00000000979998,48.00000000519952,49.9999999850005,33397.694108008305
2.00000000979998,49.00000000509951,48.99999998510051,33246.43693018526
2.00000000979998,50.00000000499949,47.999999985200525,33115.09953498286
2.00000000979998,51.00000000489948,46.99999998530053,33003.46404742513
2.00000000979998,52.000000004799475,45.99999998540054,32911.382322085956
2.00000000979998,53.000000004699466,44.99999998550055,32838.77536908204
2.00000000979998,54.00000000459946,43.99999998560056,32785.63339523593
2.00000000979998,55.00000000449945,42.99999998570057,32752.016467333568
2.00000000979998,56.00000000439944,41.99999998580058,32738.05581497285
2.00000000979998,57.00000000429942,40.999999985900594,32743.955801653156
2.00000000979998,58.000000004199414,39.9999999860006,32769.99660480829
2.00000000979998,59.000000004099405,38.99999998610061,32816.53765879568
2.00000000979998,60.000000003999396,37.99999998620062,32884.02192983742
2.00000000979998,61.00000000389939,36.99999998630063,32972.981109053755
2.00000000979998,62.00000000379937,35.99999998640065,33084.04182962409
2.00000000979998,63.00000000369936,34.999999986500654,33217.93303747617
2.00000000979998,64.00000000359935,33.99999998660067,33375.49467262476
2.00000000979998,65.00000000349935,32.99999998670067,33557.68785146561
2.00000000979998,66.00000000339934,31.999999986800688,33765.6067803702
2.00000000979998,67.00000000329932,30.999999986900704,34000.49267958442
2.00000000979998,68.00000000319932,29.999999987000706,34263.75005596499
2.00000000979998,69.0000000030993,28.999999987100722,34556.96573638267
2.00000000979998,70.0000000029993,27.999999987200724,34881.93116443219
2.00000000979998,71.00000000289928,26.99999998730074,35240.668576295466
2.00000000979998,72.00000000279927,25.999999987400756,35635.46181361796
2.00000000979998,73.00000000269927,24.999999987500757,36068.8927105484
2.00000000979998,74.00000000259925,23.999999987600773,36543.88421993974
2.00000000979998,75.00000000249925,22.999999987700775,37063.75173526038
2.00000000979998,76.00000000239923,21.99999998780079,37632.26444050937
2.00000000979998,77.00000000229923,20.999999987900793,38253.71900834893
2.00000000979998,78.00000000219922,19.99999998800081,38933.02860530873
2.00000000979998,79.0000000020992,18.999999988100825,39675.83100590633
2.00000000979998,80.0000000019992,17.999999988200827,40488.620740255246
2.00000000979998,81.00000000189918,16.999999988300843,41378.9117093369
2.00000000979998,82.00000000179918,15.999999988400845,42355.438752664675
2.00000000979998,83.00000000169916,14.99999998850086,43428.4094689334
2.00000000979998,84.00000000159915,13.999999988600877,44609.821502558814
2.00000000979998,85.00000000149915,12.999999988700878,45913.86601365059
2.00000000979998,86.00000000139913,11.999999988800894,47357.44590016241
2.00000000979998,87.00000000129913,10.999999988900896,48960.84870548648
2.00000000979998,88.00000000119911,9.999999989000912,50748.63086091198
2.00000000979998,89.0000000010991,8.999999989100928,52750.79493490609
2.00000000979998,90.0000000009991,7.99999998920093,55004.379744283026
2.00000000979998,91.00000000089908,6.999999989300946,57555.64269423551
2.00000000979998,92.00000000079908,5.999999989400948,60463.10866885966
2.00000000979998,93.00000000069907,4.9999999895009495,63801.91530674597
2.00000000979998,94.00000000059904,3.9999999896009797,67670.14675326826
2.00000000979998,95.00000000049904,2.9999999897009815,72198.30511412755
2.00000000979998,96.00000000039903,1.9999999898009975,77563.89621967875
2.00000000979998,97.00000000029902,0.9999999899009993,84014.67010210779
3.0000000096999697,1e-08,96.99999998030003,138618.09720178388
3.0000000096999697,1.00000000989999,95.99999998040003,125764.13803366662
3.0000000096999697,2.00000000979998,94.99999998050005,115214.36444242756
3.0000000096999697,3.0000000096999697,93.99999998060007,106403.49572680815
3.0000000096999697,4.00000000959996,92.99999998070007,98937.2879208903
3.0000000096999697,5.000000009499949,91.99999998080008,92532.39937389393
3.0000000096999697,6.0000000093999395,90.99999998090009,86979.96078094358
3.0000000096999697,7.00000000929993,89.9999999810001,82122.62030471569
3.0000000096999697,8.000000009199919,88.9999999811001,77839.5864498862
3.0000000096999697,9.000000009099908,87.99999998120012,74036.5961900995
3.0000000096999697,10.000000008999898,86.99999998130014,70639.01465272732
3.0000000096999697,11.000000008899889,85.99999998140014,67586.98230096955
3.0000000096999697,12.000000008799878,84.99999998150015,64831.93422636438
3.0000000096999697,13.00000000869987,83.99999998160015,62334.05931692049
3.0000000096999697,14.00000000859986,82.99999998170017,60060.415977556724
3.0000000096999697,15.00000000849985,81.99999998180019,57983.51465889106
3.0000000096999697,16.00000000839984,80.99999998190019,56080.237636514976
3.0000000096999697,17.00000000829983,79.9999999820002,54331.0060110033
3.0000000096999697,18.00000000819982,78.9999999821002,52719.13035801233
3.0000000096999697,19.00000000809981,77.99999998220022,51230.29947885749
3.0000000096999697,20.000000007999798,76.99999998230024,49852.17417260149
3.0000000096999697,21.00000000789979,75.99999998240024,48574.06170752839
3.0000000096999697,22.00000000779978,74.99999998250024,47386.65290244688
3.0000000096999697,23.000000007699768,73.99999998260026,46281.80821998605
3.0000000096999697,24.00000000759976,72.99999998270027,45252.38254894173
3.0000000096999697,25.000000007499747,71.99999998280029,44292.08076638326
3.0000000096999697,26.000000007399738,70.99999998290029,43395.337967171086
3.0000000096999697,27.00000000729973,69.9999999830003,42557.21959903029
3.0000000096999697,28.00000000719972,68.99999998310031,41773.33776532793
3.0000000096999697,29.000000007099707,67.99999998320033,41039.78074063959
3.0000000096999697,30.0000000069997,66.99999998330034,40353.05334753417
3.0000000096999697,31.000000006899686,65.99999998340034,39710.026311416215
3.0000000096999697,32.00000000679968,64.99999998350035,39107.893076484725
3.0000000096999697,33.00000000669967,63.99999998360036,38544.1328541124
3.0000000096999697,34.000000006599656,62.99999998370038,38016.47890327008
3.0000000096999697,35.00000000649965,61.999999983800386,37522.89122458481
3.0000000096999697,36.00000000639964,60.999999983900395,37061.53299549159
3.0000000096999697,37.00000000629963,59.999999984000404,36630.75019154419
3.0000000096999697,38.00000000619962,58.99999998410041,36229.05393429669
3.0000000096999697,39.000000006099604,57.99999998420043,35855.105183890795
3.0000000096999697,40.000000005999595,56.99999998430044,35507.70145819237
3.0000000096999697,41.00000000589959,55.999999984400446,35185.765312833166
3.0000000096999697,42.00000000579958,54.999999984500455,34888.33436005002
3.0000000096999697,43.00000000569957,53.999999984600464,34614.552640530725
3.0000000096999697,44.00000000559956,52.99999998470047,34363.66319297649
3.0000000096999697,45.000000005499544,51.99999998480049,34135.00169189714
3.0000000096999697,46.000000005399535,50.9999999849005,33927.991046179144
3.0000000096999697,47.000000005299526,49.99999998500051,33742.13686995022
3.0000000096999697,48.00000000519952,48.999999985100516,33577.02375381954
3.0000000096999697,49.00000000509951,47.999999985200525,33432.31227921364
3.0000000096999697,50.00000000499949,46.99999998530054,33307.73673168899
3.0000000096999697,51.00000000489948,45.99999998540055,33203.10348116114
3.0000000096999697,52.000000004799475,44.99999998550056,33118.29000828417
3.0000000096999697,53.000000004699466,43.99999998560057,33053.2445670498
3.0000000096999697,54.00000000459946,42.999999985700576,33007.98648434689
3.0000000096999697,55.00000000449945,41.999999985800585,32982.60710801909
3.0000000096999697,56.00000000439944,40.999999985900594,32977.27142617453
3.0000000096999697,57.00000000429942,39.99999998600061,32992.22039245852
3.0000000096999697,58.000000004199414,38.99999998610062,33027.774005043284
3.0000000096999697,59.000000004099405,37.99999998620063,33084.33520161971
3.0000000096999697,60.000000003999396,36.99999998630064,33162.39464915763
3.0000000096999697,61.00000000389939,35.99999998640064,33262.53652619058
3.0000000096999697,62.00000000379937,34.999999986500654,33385.44541754602
3.0000000096999697,63.00000000369936,33.99999998660067,33531.914467612405
3.0000000096999697,64.00000000359935,32.99999998670067,33702.85496942905
3.0000000096999697,65.00000000349935,31.999999986800674,33899.307604390415
3.0000000096999697,66.00000000339934,30.99999998690069,34122.45559279181
3.0000000096999697,67.00000000329932,29.999999987000706,34373.64007087165
3.0000000096999697,68.00000000319932,28.999999987100708,34654.3780780729
3.0000000096999697,69.0000000030993,27.999999987200724,34966.38362236389
3.0000000096999697,70.0000000029993,26.999999987300725,35311.59239606658
3.0000000096999697,71.00000000289928,25.99999998740074,35692.1908455426
3.0000000096999697,72.00000000279927,24.999999987500757,36110.65046294063
3.0000000096999697,73.00000000269927,23.99999998760076,36569.76837717601
3.0000000096999697,74.00000000259925,22.999999987700775,37072.715587998995
3.0000000096999697,75.00000000249925,21.999999987800777,37623.094529763126
3.0000000096999697,76.00000000239923,20.999999987900793,38225.00809530001
3.0000000096999697,77.00000000229923,19.999999988000795,38883.14282942547
3.0000000096999697,78.00000000219922,18.99999998810081,39602.86976356248
3.0000000096999697,79.0000000020992,17.999999988200827,40390.36737430379
3.0000000096999697,80.0000000019992,16.99999998830083,41252.772503612265
3.0000000096999697,81.00000000189918,15.999999988400845,42198.36691157494
3.0000000096999697,82.00000000179918,14.999999988500846,43236.80963953831
3.0000000096999697,83.00000000169916,13.999999988600862,44379.42882890982
3.0000000096999697,84.00000000159915,12.999999988700878,45639.59149607264
3.0000000096999697,85.00000000149915,11.99999998880088,47033.176652574315
3.0000000096999697,86.00000000139913,10.999999988900896,48579.18707462456
3.0000000096999697,87.00000000129913,9.999999989000898,50300.549519890366
3.0000000096999697,88.00000000119911,8.999999989100914,52225.17473953266
3.0000000096999697,89.0000000010991,7.99999998920093,54387.38127437939
3.0000000096999697,90.0000000009991,6.999999989300932,56829.83748319561
3.0000000096999697,91.00000000089908,5.999999989400948,59606.256033367965
3.0000000096999697,92.00000000079908,4.9999999895009495,62785.20443106126
3.0000000096999697,93.00000000069907,3.9999999896009513,66455.61082867687
3.0000000096999697,94.00000000059904,2.9999999897009815,70734.91544523132
3.0000000096999697,95.00000000049904,1.9999999898009833,75781.47978530481
3.0000000096999697,96.00000000039903,0.9999999899009993,81814.0956939071
4.00000000959996,1e-08,95.99999998040003,136996.90316597564
4.00000000959996,1.00000000989999,94.99999998050005,124482.30501471739
4.00000000959996,2.00000000979998,93.99999998060007,114183.9302844769
4.00000000959996,3.0000000096999697,92.99999998070007,105564.26985141714
4.00000000959996,4.00000000959996,91.99999998080008,98246.74181947077
4.00000000959996,5.000000009499949,90.99999998090009,91959.66425703696
4.00000000959996,6.0000000093999395,89.9999999810001,86502.11167857479
4.00000000959996,7.00000000929993,88.9999999811001,81722.29259114996
4.00000000959996,8.000000009199919,87.99999998120012,77503.39968719617
4.00000000959996,9.000000009099908,86.99999998130014,73754.08384870448
4.00000000959996,10.000000008999898,85.99999998140014,70401.88024999414
4.00000000959996,11.000000008899889,84.99999998150015,67388.5716641575
4.00000000959996,12.000000008799878,83.99999998160015,64666.85416471858
4.00000000959996,13.00000000869987,82.99999998170017,62197.89752331958
4.00000000959996,14.00000000859986,81.99999998180019,59949.53221934709
4.00000000959996,15.00000000849985,80.99999998190019,57894.88301347341
4.00000000959996,16.00000000839984,79.99999998200019,56011.325831769056
4.00000000959996,17.00000000829983,78.9999999821002,54279.68211154159
4.00000000959996,18.00000000819982,77.99999998220022,52683.589861082495
4.00000000959996,19.00000000809981,76.99999998230024,51209.00782116721
4.00000000959996,20.000000007999798,75.99999998240024,49843.82099933407
4.00000000959996,21.00000000789979,74.99999998250024,48577.52420865383
4.00000000959996,22.00000000779978,73.99999998260026,47400.96620409552
4.00000000959996,23.000000007699768,72.99999998270027,46306.14131310573
4.00000000959996,24.00000000759976,71.99999998280029,45286.018599597206
4.00000000959996,25.000000007499747,70.99999998290029,44334.40092005674
4.00000000959996,26.000000007399738,69.9999999830003,43445.80795969175
4.00000000959996,27.00000000729973,68.99999998310031,42615.37863779223
4.00000000959996,28.00000000719972,67.99999998320033,41838.78925933949
4.00000000959996,29.000000007099707,66.99999998330034,41112.18454605019
4.00000000959996,30.0000000069997,65.99999998340034,40432.119263376386
4.00000000959996,31.000000006899686,64.99999998350035,39795.50861331765
4.00000000959996,32.00000000679968,63.99999998360036,39199.58591768075
4.00000000959996,33.00000000669967,62.99999998370037,38641.86639592182
4.00000000959996,34.000000006599656,61.999999983800386,38120.1160633
4.00000000959996,35.00000000649965,60.999999983900395,37632.324951829025
4.00000000959996,36.00000000639964,59.999999984000404,37176.683998333116
4.00000000959996,37.00000000629963,58.99999998410041,36751.56505835289
4.00000000959996,38.00000000619962,57.99999998420042,36355.50359750741
4.00000000959996,39.000000006099604,56.99999998430044,35987.183687686396
4.00000000959996,40.000000005999595,55.999999984400446,35645.42499761396
4.00000000959996,41.00000000589959,54.999999984500455,35329.17151862362
4.00000000959996,42.00000000579958,53.999999984600464,35037.48180906827
4.00000000959996,43.00000000569957,52.99999998470047,34769.52057636381
4.00000000959996,44.00000000559956,51.99999998480048,34524.55144559578
4.00000000959996,45.000000005499544,50.9999999849005,34301.930788998776
4.00000000959996,46.000000005399535,49.99999998500051,34101.102512337704
4.00000000959996,47.000000005299526,48.999999985100516,33921.59371300546
4.00000000959996,48.00000000519952,47.999999985200525,33763.01114110495
4.00000000959996,49.00000000509951,46.99999998530053,33625.03840941093
4.00000000959996,50.00000000499949,45.99999998540055,33507.433911341315
4.00000000959996,51.00000000489948,44.99999998550056,33410.02941828823
4.00000000959996,52.000000004799475,43.99999998560057,33332.729339204256
4.00000000959996,53.000000004699466,42.999999985700576,33275.510636527804
4.00000000959996,54.00000000459946,41.999999985800585,33238.423403666995
4.00000000959996,55.00000000449945,40.999999985900594,33221.592120648435
4.00000000959996,56.00000000439944,39.9999999860006,33225.21761649729
4.00000000959996,57.00000000429942,38.99999998610062,33249.57977978984
4.00000000959996,58.000000004199414,37.99999998620063,33295.04107299909
4.00000000959996,59.000000004099405,36.99999998630064,33362.05092218015
4.00000000959996,60.000000003999396,35.99999998640064,33451.15107174208
4.00000000959996,61.00000000389939,34.999999986500654,33562.982015156005
4.00000000959996,62.00000000379937,33.99999998660067,33698.290637224745
4.00000000959996,63.00000000369936,32.99999998670067,33857.93923293856
4.00000000959996,64.00000000359935,31.999999986800688,34042.916103146126
4.00000000959996,65.00000000349935,30.99999998690069,34254.34796977779
4.00000000959996,66.00000000339934,29.999999987000706,34493.514505055544
4.00000000959996,67.00000000329932,28.999999987100722,34761.86533243764
4.00000000959996,68.00000000319932,27.999999987200724,35061.039935085224
4.00000000959996,69.0000000030993,26.99999998730074,35392.8910044456
4.00000000959996,70.0000000029993,25.99999998740074,35759.5118823904
4.00000000959996,71.00000000289928,24.999999987500757,36163.26890215475
4.00000000959996,72.00000000279927,23.999999987600773,36606.8396252731
4.00000000959996,73.00000000269927,22.999999987700775,37093.25821603661
4.00000000959996,74.00000000259925,21.99999998780079,37625.96950817408
4.00000000959996,75.00000000249925,20.999999987900793,38208.8937228112
4.00000000959996,76.00000000239923,19.99999998800081,38846.50432284681
4.00000000959996,77.00000000229923,18.99999998810081,39543.92217889611
4.00000000959996,78.00000000219922,17.999999988200827,40307.03013474434
4.00000000959996,79.0000000020992,16.999999988300843,41142.61327878653
4.00000000959996,80.0000000019992,15.999999988400845,42058.53187044101
4.00000000959996,81.00000000189918,14.99999998850086,43063.93610757451
4.00000000959996,82.00000000179918,13.999999988600862,44169.53500175063
4.00000000959996,83.00000000169916,12.999999988700878,45387.93592170918
4.00000000959996,84.00000000159915,11.999999988800894,46734.07742671292
4.00000000959996,85.00000000149915,10.999999988900896,48225.78668765586
4.00000000959996,86.00000000139913,9.999999989000912,49884.50540183845
4.00000000959996,87.00000000129913,8.999999989100914,51736.24673179543
4.00000000959996,88.00000000119911,7.99999998920093,53812.87380817733
4.00000000959996,89.0000000010991,6.999999989300946,56153.833297944715
4.00000000959996,90.0000000009991,5.999999989400948,58808.54487925421
4.00000000959996,91.00000000089908,4.999999989500964,61839.75558903386
4.00000000959996,92.00000000079908,3.9999999896009655,65328.346344269485
4.00000000959996,93.00000000069907,2.9999999897009673,69380.38107913363
4.00000000959996,94.00000000059904,1.9999999898009975,74137.7221195023
4.00000000959996,95.00000000049904,0.9999999899009993,79794.51045446306
5.000000009499949,1e-08,94.99999998050005,135444.1119444296
5.000000009499949,1.00000000989999,93.99999998060007,123252.5288387828
5.000000009499949,2.00000000979998,92.99999998070007,113194.35472429368
5.000000009499949,3.0000000096999697,91.99999998080008,104757.95997551123
5.000000009499949,4.00000000959996,90.99999998090009,97583.31260615791
5.000000009499949,5.000000009499949,89.9999999810001,91409.7068149325
5.000000009499949,6.0000000093999395,88.9999999811001,86043.7245938524
5.000000009499949,7.00000000929993,87.99999998120012,81338.84710945922
5.000000009499949,8.000000009199919,86.99999998130014,77182.05617096115
5.000000009499949,9.000000009099908,85.99999998140014,73484.78100853684
5.000000009499949,10.000000008999898,84.99999998150015,70176.63057568361
5.000000009499949,11.000000008899889,83.99999998160015,67200.96026208118
5.000000009499949,12.000000008799878,82.99999998170017,64511.675792703885
5.000000009499949,13.00000000869987,81.99999998180019,62070.889427708455
5.000000009499949,14.00000000859986,80.99999998190019,59847.17459806994
5.000000009499949,15.00000000849985,79.9999999820002,57814.24800407623
5.000000009499949,16.00000000839984,78.9999999821002,55949.96184085509
5.000000009499949,17.00000000829983,77.99999998220022,54235.52423640598
5.000000009499949,18.00000000819982,76.99999998230024,52654.88981685809
5.000000009499949,19.00000000809981,75.99999998240024,51194.278618148666
5.000000009499949,20.000000007999798,74.99999998250026,49841.792893711485
5.000000009499949,21.00000000789979,73.99999998260026,48587.10935489239
5.000000009499949,22.00000000779978,72.99999998270027,47421.23008599519
5.000000009499949,23.000000007699768,71.99999998280029,46336.27950123048
5.000000009499949,24.00000000759976,70.99999998290029,45325.33772797194
5.000000009499949,25.000000007499747,69.99999998300031,44382.30303084522
5.000000009499949,26.000000007399738,68.99999998310031,43501.777555977176
5.000000009499949,27.00000000729973,67.99999998320033,42678.971929103696
5.000000009499949,28.00000000719972,66.99999998330033,41909.62519462451
5.000000009499949,29.000000007099707,65.99999998340034,41189.93731328731
5.000000009499949,30.0000000069997,64.99999998350035,40516.512000392766
5.000000009499949,31.000000006899686,63.99999998360036,39886.30812532823
5.000000009499949,32.00000000679968,62.99999998370037,39296.59823706328
5.000000009499949,33.00000000669967,61.99999998380038,38744.9330513604
5.000000009499949,34.000000006599656,60.999999983900395,38229.11095059853
5.000000009499949,35.00000000649965,59.999999984000404,37747.15171886808
5.000000009499949,36.00000000639964,58.99999998410041,37297.273872929036
5.000000009499949,37.00000000629963,57.99999998420042,36877.87506102258
5.000000009499949,38.00000000619962,56.99999998430043,36487.51509200134
5.000000009499949,39.000000006099604,55.999999984400446,36124.90123113551
5.000000009499949,40.000000005999595,54.999999984500455,35788.875459642746
5.000000009499949,41.00000000589959,53.999999984600464,35478.403445127595
5.000000009499949,42.00000000579958,52.99999998470047,35192.565011791965
5.000000009499949,43.00000000569957,51.99999998480048,34930.545934151385
5.000000009499949,44.00000000559956,50.99999998490049,34691.630907387094
5.000000009499949,45.000000005499544,49.99999998500051,34475.197572451194
5.000000009499949,46.000000005399535,48.999999985100516,34280.71149548952
5.000000009499949,47.000000005299526,47.999999985200525,34107.7220197655
5.000000009499949,48.00000000519952,46.99999998530053,33955.85892465374
5.000000009499949,49.00000000509951,45.99999998540054,33824.82984092297
5.000000009499949,50.00000000499949,44.99999998550056,33714.41838487635
5.000000009499949,51.00000000489948,43.99999998560057,33624.48298634464
5.000000009499949,52.000000004799475,42.999999985700576,33554.95639738021
5.000000009499949,53.000000004699466,41.999999985800585,33505.84588010335
5.000000009499949,54.00000000459946,40.999999985900594,33477.23408382721
5.000000009499949,55.00000000449945,39.9999999860006,33469.2806336579
5.000000009499949,56.00000000439944,38.99999998610061,33482.22446557713
5.000000009499949,57.00000000429942,37.99999998620063,33516.38695694533
5.000000009499949,58.000000004199414,36.99999998630064,33572.17591684076
5.000000009499949,59.000000004099405,35.99999998640064,33650.09051817746
5.000000009499949,60.000000003999396,34.999999986500654,33750.727273714176
5.000000009499949,61.00000000389939,33.99999998660067,33874.78718159919
5.000000009499949,62.00000000379937,32.999999986700686,34023.08419387537
5.000000009499949,63.00000000369936,31.999999986800688,34196.55519449468
5.000000009499949,64.00000000359935,30.99999998690069,34396.27171323621
5.000000009499949,65.00000000349935,29.999999987000706,34623.45365022982
5.000000009499949,66.00000000339934,28.999999987100722,34879.485344775254
5.000000009499949,67.00000000329932,27.999999987200738,35165.93439466114
5.000000009499949,68.00000000319932,26.999999987300725,35484.573721914014
5.000000009499949,69.0000000030993,25.99999998740074,35837.40749263015
5.000000009499949,70.0000000029993,24.999999987500757,36226.701638552004
5.000000009499949,71.00000000289928,23.999999987600773,36655.01990463318
5.000000009499949,72.00000000279927,22.99999998770079,37125.266571036154
