% (Ta),% (V),% (Nb),BFactor
1e-08,1e-08,99.99999998,0.017899737619955912
1e-08,1.00000000989999,98.99999998010001,0.0199536521556603
1e-08,2.00000000979998,97.99999998020002,0.021623160544629177
1e-08,3.0000000096999697,96.99999998030003,0.023034677182241243
1e-08,4.00000000959996,95.99999998040003,0.024257034513168633
1e-08,5.000000009499949,94.99999998050005,0.02533282634063069
1e-08,6.0000000093999395,93.99999998060007,0.02629069284154052
1e-08,7.00000000929993,92.99999998070007,0.027151051195653662
1e-08,8.000000009199919,91.99999998080008,0.02792910179753351
1e-08,9.000000009099908,90.99999998090009,0.028636545758055923
1e-08,10.000000008999898,89.9999999810001,0.02928263218446205
1e-08,11.000000008899889,88.9999999811001,0.029874830523202216
1e-08,12.000000008799878,87.99999998120012,0.030419280619691742
1e-08,13.00000000869987,86.99999998130014,0.0309211046012766
1e-08,14.00000000859986,85.99999998140014,0.03138462940709161
1e-08,15.00000000849985,84.99999998150015,0.031813549572584365
1e-08,16.00000000839984,83.99999998160015,0.032211048902664886
1e-08,17.00000000829983,82.99999998170017,0.03257989314193546
1e-08,18.00000000819982,81.99999998180019,0.032922501732221734
1e-08,19.00000000809981,80.99999998190019,0.03324100419672705
1e-08,20.000000007999798,79.9999999820002,0.03353728502666831
1e-08,21.00000000789979,78.9999999821002,0.03381301983530533
1e-08,22.00000000779978,77.99999998220022,0.034069704786337314
1e-08,23.000000007699768,76.99999998230024,0.03430868077650952
1e-08,24.00000000759976,75.99999998240024,0.034531153479244195
1e-08,25.000000007499747,74.99999998250026,0.03473821008792102
1e-08,26.000000007399738,73.99999998260026,0.03493083340181692
1e-08,27.00000000729973,72.99999998270027,0.03510991375312601
1e-08,28.00000000719972,71.99999998280028,0.03527625916529814
1e-08,29.000000007099707,70.99999998290029,0.03543060405106701
1e-08,30.0000000069997,69.9999999830003,0.03557361669593698
1e-08,31.000000006899686,68.99999998310031,0.035705905724553594
1e-08,32.00000000679968,67.99999998320033,0.03582802570970847
1e-08,33.00000000669967,66.99999998330033,0.035940482054116346
1e-08,34.000000006599656,65.99999998340034,0.03604373525163476
1e-08,35.00000000649965,64.99999998350035,0.03613820461585948
1e-08,36.00000000639964,63.99999998360036,0.03622427154895427
1e-08,37.00000000629963,62.99999998370037,0.0363022824113629
1e-08,38.00000000619962,61.99999998380038,0.036372551043091166
1e-08,39.000000006099604,60.999999983900395,0.03643536097906852
1e-08,40.000000005999595,59.999999984000404,0.03649096739433721
1e-08,41.00000000589959,58.99999998410041,0.03653959880919152
1e-08,42.00000000579958,57.99999998420042,0.036581458579673765
1e-08,43.00000000569957,56.99999998430043,0.036616726194854426
1e-08,44.00000000559956,55.99999998440044,0.03664555839893741
1e-08,45.000000005499544,54.999999984500455,0.03666809015332718
1e-08,46.000000005399535,53.999999984600464,0.03668443545127808
1e-08,47.000000005299526,52.99999998470047,0.036694687995545004
1e-08,48.00000000519952,51.99999998480048,0.036698921747502965
1e-08,49.00000000509951,50.99999998490049,0.036697191354451535
1e-08,50.00000000499949,49.99999998500051,0.036689532460222406
1e-08,51.00000000489948,48.999999985100516,0.03667596190272496
1e-08,52.000000004799475,47.999999985200525,0.036656477800661995
1e-08,53.000000004699466,46.99999998530053,0.03663105953029297
1e-08,54.00000000459946,45.99999998540054,0.03659966759178536
1e-08,55.00000000449945,44.99999998550055,0.03656224336334601
1e-08,56.00000000439944,43.99999998560056,0.03651870873993403
1e-08,57.00000000429942,42.999999985700576,0.036468965651893254
1e-08,58.000000004199414,41.999999985800585,0.03641289545726972
1e-08,59.000000004099405,40.999999985900594,0.036350358199864236
1e-08,60.000000003999396,39.9999999860006,0.03628119172316025
1e-08,61.00000000389939,38.99999998610061,0.03620521062812175
1e-08,62.00000000379937,37.99999998620063,0.036122205060404394
1e-08,63.00000000369936,36.99999998630064,0.036031939309700084
1e-08,64.00000000359935,35.99999998640065,0.03593415020064612
1e-08,65.00000000349935,34.999999986500654,0.03582854525086953
1e-08,66.00000000339934,33.99999998660067,0.03571480056716458
1e-08,67.00000000329932,32.999999986700686,0.035592558445350655
1e-08,68.00000000319932,31.999999986800688,0.03546142463280831
1e-08,69.0000000030993,30.999999986900704,0.03532096520477379
1e-08,70.0000000029993,29.999999987000706,0.03517070299583144
1e-08,71.00000000289928,28.999999987100722,0.03501011351622712
1e-08,72.00000000279927,27.999999987200738,0.03483862026804336
1e-08,73.00000000269927,26.99999998730074,0.03465558935815239
1e-08,74.00000000259925,25.999999987400756,0.0344603232821698
1e-08,75.00000000249925,24.999999987500757,0.03425205372499936
1e-08,76.00000000239923,23.999999987600773,0.03402993318714216
1e-08,77.00000000229923,22.999999987700775,0.03379302519921806
1e-08,78.00000000219922,21.99999998780079,0.03354029282665679
1e-08,79.0000000020992,20.999999987900807,0.03327058508742745
1e-08,80.0000000019992,19.99999998800081,0.0329826208011862
1e-08,81.00000000189918,18.999999988100825,0.0326749692486073
1e-08,82.00000000179918,17.999999988200827,0.032346026830826165
1e-08,83.00000000169916,16.999999988300843,0.031993988660104423
1e-08,84.00000000159915,15.999999988400859,0.031616813652944734
1e-08,85.00000000149915,14.99999998850086,0.03121218118850824
1e-08,86.00000000139913,13.999999988600877,0.030777436664494427
1e-08,87.00000000129913,12.999999988700878,0.030309522212086486
1e-08,88.00000000119911,11.999999988800894,0.02980488722933187
1e-08,89.0000000010991,10.99999998890091,0.02925937093662404
1e-08,90.0000000009991,9.999999989000912,0.02866804529198827
1e-08,91.00000000089908,8.999999989100928,0.028025000329947668
1e-08,92.00000000079908,7.99999998920093,0.027323043445356788
1e-08,93.00000000069907,6.999999989300932,0.026553265700233673
1e-08,94.00000000059904,5.999999989400962,0.025704394404766233
1e-08,95.00000000049904,4.999999989500964,0.024761785591583103
1e-08,96.00000000039903,3.9999999896009797,0.02370577366368951
1e-08,97.00000000029902,2.9999999897009815,0.022508787193614675
1e-08,98.00000000019902,1.9999999898009833,0.02112986245946522
1e-08,99.00000000009899,0.9999999899010135,0.019502917445736716
1.00000000989999,1e-08,98.99999998010001,0.020740510383059553
1.00000000989999,1.00000000989999,97.99999998020002,0.02238431579018771
1.00000000989999,2.00000000979998,96.99999998030003,0.023783652289073573
1.00000000989999,3.0000000096999697,95.99999998040003,0.025001188016645894
1.00000000989999,4.00000000959996,94.99999998050005,0.02607654390370879
1.00000000989999,5.000000009499949,93.99999998060007,0.027036758081724604
1.00000000989999,6.0000000093999395,92.99999998070007,0.027901315356015425
1.00000000989999,7.00000000929993,91.99999998080008,0.028684842326614397
1.00000000989999,8.000000009199919,90.99999998090009,0.02939867199861951
1.00000000989999,9.000000009099908,89.9999999810001,0.030051809852379013
1.00000000989999,10.000000008999898,88.99999998110012,0.030651560334309727
1.00000000989999,11.000000008899889,87.99999998120012,0.031203949720413206
1.00000000989999,12.000000008799878,86.99999998130014,0.03171402120076621
1.00000000989999,13.00000000869987,85.99999998140014,0.03218604667579375
1.00000000989999,14.00000000859986,84.99999998150015,0.03262368248318551
1.00000000989999,15.00000000849985,83.99999998160015,0.033030086315786654
1.00000000989999,16.00000000839984,82.99999998170017,0.03340800662006544
1.00000000989999,17.00000000829983,81.99999998180019,0.03375985206171708
1.00000000989999,18.00000000819982,80.99999998190019,0.03408774627932147
1.00000000989999,19.00000000809981,79.9999999820002,0.03439357159569413
1.00000000989999,20.000000007999798,78.9999999821002,0.03467900431538312
1.00000000989999,21.00000000789979,77.99999998220022,0.03494554352323838
1.00000000989999,22.00000000779978,76.99999998230024,0.0351945348007333
1.00000000989999,23.000000007699768,75.99999998240024,0.035427189922833974
1.00000000989999,24.00000000759976,74.99999998250026,0.03564460334293832
1.00000000989999,25.000000007499747,73.99999998260026,0.035847766086642
1.00000000989999,26.000000007399738,72.99999998270027,0.036037577536653244
1.00000000989999,27.00000000729973,71.99999998280029,0.03621485548733437
1.00000000989999,28.00000000719972,70.99999998290029,0.03638034476857566
1.00000000989999,29.000000007099707,69.99999998300031,0.036534724678341644
1.00000000989999,30.0000000069997,68.99999998310031,0.03667861541651749
1.00000000989999,31.000000006899686,67.99999998320033,0.036812583676214726
1.00000000989999,32.00000000679968,66.99999998330033,0.036937147519981305
1.00000000989999,33.00000000669967,65.99999998340033,0.037052780645573435
1.00000000989999,34.000000006599656,64.99999998350035,0.03715991612772504
1.00000000989999,35.00000000649965,63.99999998360036,0.037258949707678506
1.00000000989999,36.00000000639964,62.99999998370037,0.03735024269034132
1.00000000989999,37.00000000629963,61.99999998380038,0.03743412449922468
1.00000000989999,38.00000000619962,60.99999998390039,0.03751089493134361
1.00000000989999,39.000000006099604,59.999999984000404,0.03758082614766682
1.00000000989999,40.000000005999595,58.99999998410041,0.037644164429222096
1.00000000989999,41.00000000589959,57.99999998420042,0.03770113172437627
1.00000000989999,42.00000000579958,56.99999998430043,0.03775192700894393
1.00000000989999,43.00000000569957,55.99999998440044,0.03779672747750395
1.00000000989999,44.00000000559956,54.99999998450045,0.0378356895815061
1.00000000989999,45.000000005499544,53.999999984600464,0.03786894992734279
1.00000000989999,46.000000005399535,52.99999998470047,0.0378966260454741
1.00000000989999,47.000000005299526,51.99999998480048,0.03791881703986434
1.00000000989999,48.00000000519952,50.99999998490049,0.03793560412537147
1.00000000989999,49.00000000509951,49.9999999850005,0.03794705105927984
1.00000000989999,50.00000000499949,48.999999985100516,0.037953204471852
1.00000000989999,51.00000000489948,47.999999985200525,0.03795409409956149
1.00000000989999,52.000000004799475,46.99999998530053,0.03794973292353331
1.00000000989999,53.000000004699466,45.99999998540054,0.03794011721463374
1.00000000989999,54.00000000459946,44.99999998550055,0.03792522648559601
1.00000000989999,55.00000000449945,43.99999998560056,0.03790502334952181
1.00000000989999,56.00000000439944,42.99999998570057,0.037879453283036726
1.00000000989999,57.00000000429942,41.999999985800585,0.03784844429128216
1.00000000989999,58.000000004199414,40.999999985900594,0.03781190647077182
1.00000000989999,59.000000004099405,39.9999999860006,0.037769731464902284
1.00000000989999,60.000000003999396,38.99999998610061,0.03772179180555943
1.00000000989999,61.00000000389939,37.99999998620062,0.037667940132770965
1.00000000989999,62.00000000379937,36.99999998630064,0.037608008282685824
1.00000000989999,63.00000000369936,35.99999998640065,0.03754180623226939
1.00000000989999,64.00000000359935,34.999999986500654,0.0374691208869389
1.00000000989999,65.00000000349935,33.999999986600656,0.037389714694863754
1.00000000989999,66.00000000339934,32.99999998670067,0.037303324068745994
1.00000000989999,67.00000000329932,31.999999986800688,0.037209657592482584
1.00000000989999,68.00000000319932,30.99999998690069,0.03710839398608289
1.00000000989999,69.0000000030993,29.999999987000706,0.03699917979742318
1.00000000989999,70.0000000029993,28.999999987100708,0.03688162678369201
1.00000000989999,71.00000000289928,27.999999987200724,0.036755308938485776
1.00000000989999,72.00000000279927,26.99999998730074,0.03661975911216304
1.00000000989999,73.00000000269927,25.99999998740074,0.036474465162894966
1.00000000989999,74.00000000259925,24.999999987500757,0.036318865563373735
1.00000000989999,75.00000000249925,23.99999998760076,0.036152344372742555
1.00000000989999,76.00000000239923,22.999999987700775,0.03597422546417546
1.00000000989999,77.00000000229923,21.999999987800777,0.03578376587458092
1.00000000989999,78.00000000219922,20.999999987900793,0.03558014811269162
1.00000000989999,79.0000000020992,19.99999998800081,0.035362471223395274
1.00000000989999,80.0000000019992,18.99999998810081,0.03512974035691249
1.00000000989999,81.00000000189918,17.999999988200827,0.03488085452770803
1.00000000989999,82.00000000179918,16.99999998830083,0.03461459216477212
1.00000000989999,83.00000000169916,15.999999988400845,0.03432959394500339
1.00000000989999,84.00000000159915,14.99999998850086,0.03402434225469145
1.00000000989999,85.00000000149915,13.999999988600862,0.033697136425800196
1.00000000989999,86.00000000139913,12.999999988700878,0.033346062622210446
1.00000000989999,87.00000000129913,11.99999998880088,0.032968956873864294
1.00000000989999,88.00000000119911,10.999999988900896,0.032563359224426505
1.00000000989999,89.0000000010991,9.999999989000912,0.03212645619377297
1.00000000989999,90.0000000009991,8.999999989100914,0.03165500763809136
1.00000000989999,91.00000000089908,7.99999998920093,0.031145252418403293
1.00000000989999,92.00000000079908,6.999999989300932,0.030592784729121882
1.00000000989999,93.00000000069907,5.9999999894009335,0.029992388915216373
1.00000000989999,94.00000000059904,4.999999989500964,0.029337814088159424
1.00000000989999,95.00000000049904,3.9999999896009655,0.02862145891724204
1.00000000989999,96.00000000039903,2.9999999897009815,0.027833917883817554
1.00000000989999,97.00000000029902,1.9999999898009833,0.02696330535648877
1.00000000989999,98.00000000019902,0.999999989900985,0.025994206258605625
2.00000000979998,1e-08,97.99999998020002,0.02297482722707039
2.00000000979998,1.00000000989999,96.99999998030003,0.024379274748803317
2.00000000979998,2.00000000979998,95.99999998040003,0.025604698709504756
2.00000000979998,3.0000000096999697,94.99999998050005,0.0266894149572128
2.00000000979998,4.00000000959996,93.99999998060007,0.027659784743301156
2.00000000979998,5.000000009499949,92.99999998070007,0.028534919665193913
2.00000000979998,6.0000000093999395,91.99999998080008,0.029329232701474653
2.00000000979998,7.00000000929993,90.99999998090009,0.030053932441046167
2.00000000979998,8.000000009199919,89.9999999810001,0.030717952192978234
2.00000000979998,9.000000009099908,88.99999998110012,0.03132855593859389
2.00000000979998,10.000000008999898,87.99999998120012,0.0318917492557245
2.00000000979998,11.000000008899889,86.99999998130014,0.032412567206074536
2.00000000979998,12.000000008799878,85.99999998140014,0.03289528166341986
2.00000000979998,13.00000000869987,84.99999998150015,0.033343554200087715
2.00000000979998,14.00000000859986,83.99999998160015,0.03376055116489093
2.00000000979998,15.00000000849985,82.99999998170017,0.0341490318726084
2.00000000979998,16.00000000839984,81.99999998180019,0.03451141726736133
2.00000000979998,17.00000000829983,80.99999998190019,0.03484984414123865
2.00000000979998,18.00000000819982,79.9999999820002,0.035166208488979216
2.00000000979998,19.00000000809981,78.9999999821002,0.03546220056951343
2.00000000979998,20.000000007999798,77.99999998220022,0.035739333551234105
2.00000000979998,21.00000000789979,76.99999998230024,0.03599896713218079
2.00000000979998,22.00000000779978,75.99999998240024,0.036242327180633346
2.00000000979998,23.000000007699768,74.99999998250026,0.03647052219177116
2.00000000979998,24.00000000759976,73.99999998260026,0.0366845571729435
2.00000000979998,25.000000007499747,72.99999998270027,0.03688534543415323
2.00000000979998,26.000000007399738,71.99999998280029,0.03707371865822779
2.00000000979998,27.00000000729973,70.99999998290029,0.03725043554757824
2.00000000979998,28.00000000719972,69.9999999830003,0.03741618928492269
2.00000000979998,29.000000007099707,68.99999998310031,0.03757161399923933
2.00000000979998,30.0000000069997,67.99999998320033,0.037717290392174876
2.00000000979998,31.000000006899686,66.99999998330034,0.037853750651733346
2.00000000979998,32.00000000679968,65.99999998340033,0.037981482757509746
2.00000000979998,33.00000000669967,64.99999998350035,0.0381009342636831
2.00000000979998,34.000000006599656,63.99999998360036,0.03821251563143715
2.00000000979998,35.00000000649965,62.99999998370037,0.03831660317067863
2.00000000979998,36.00000000639964,61.99999998380038,0.03841354164129008
2.00000000979998,37.00000000629963,60.99999998390039,0.03850364655624258
2.00000000979998,38.00000000619962,59.9999999840004,0.03858720622235529
2.00000000979998,39.000000006099604,58.99999998410041,0.03866448354905479
2.00000000979998,40.000000005999595,57.99999998420042,0.0387357176509439
2.00000000979998,41.00000000589959,56.99999998430043,0.03880112526616937
2.00000000979998,42.00000000579958,55.99999998440044,0.03886090200934604
2.00000000979998,43.00000000569957,54.99999998450045,0.0389152234750449
2.00000000979998,44.00000000559956,53.99999998460046,0.038964246205495774
2.00000000979998,45.000000005499544,52.99999998470047,0.03900810853412263
2.00000000979998,46.000000005399535,51.99999998480048,0.03904693131476354
2.00000000979998,47.000000005299526,50.99999998490049,0.03908081854487696
2.00000000979998,48.00000000519952,49.9999999850005,0.0391098578896678
2.00000000979998,49.00000000509951,48.99999998510051,0.039134121112839836
2.00000000979998,50.00000000499949,47.999999985200525,0.039153664418573306
2.00000000979998,51.00000000489948,46.99999998530053,0.03916852870831063
2.00000000979998,52.000000004799475,45.99999998540054,0.039178739754986376
2.00000000979998,53.000000004699466,44.99999998550055,0.03918430829644419
2.00000000979998,54.00000000459946,43.99999998560056,0.03918523004892339
2.00000000979998,55.00000000449945,42.99999998570057,0.03918148564065364
2.00000000979998,56.00000000439944,41.99999998580058,0.03917304046475594
2.00000000979998,57.00000000429942,40.999999985900594,0.03915984444979114
2.00000000979998,58.000000004199414,39.9999999860006,0.03914183174541001
2.00000000979998,59.000000004099405,38.99999998610061,0.039118920319624585
2.00000000979998,60.000000003999396,37.99999998620062,0.03909101146321752
2.00000000979998,61.00000000389939,36.99999998630063,0.03905798919571793
2.00000000979998,62.00000000379937,35.99999998640065,0.03901971956617044
2.00000000979998,63.00000000369936,34.999999986500654,0.0389760498405872
2.00000000979998,64.00000000359935,33.99999998660067,0.03892680756646253
2.00000000979998,65.00000000349935,32.99999998670067,0.03887179950301649
2.00000000979998,66.00000000339934,31.999999986800688,0.03881081040386375
2.00000000979998,67.00000000329932,30.999999986900704,0.03874360163653246
2.00000000979998,68.00000000319932,29.999999987000706,0.03866990962061138
2.00000000979998,69.0000000030993,28.999999987100722,0.038589444063204845
2.00000000979998,70.0000000029993,27.999999987200724,0.03850188596672623
2.00000000979998,71.00000000289928,26.99999998730074,0.0384068853797357
2.00000000979998,72.00000000279927,25.999999987400756,0.03830405885637187
2.00000000979998,73.00000000269927,24.999999987500757,0.03819298658375164
2.00000000979998,74.00000000259925,23.999999987600773,0.038073209129266344
2.00000000979998,75.00000000249925,22.999999987700775,0.03794422375067479
2.00000000979998,76.00000000239923,21.99999998780079,0.037805480200888905
2.00000000979998,77.00000000229923,20.999999987900793,0.03765637594583883
2.00000000979998,78.00000000219922,19.99999998800081,0.037496250697125956
2.00000000979998,79.0000000020992,18.999999988100825,0.037324380140435084
2.00000000979998,80.0000000019992,17.999999988200827,0.037139968714710314
2.00000000979998,81.00000000189918,16.999999988300843,0.03694214126434214
2.00000000979998,82.00000000179918,15.999999988400845,0.0367299333449568
2.00000000979998,83.00000000169916,14.99999998850086,0.03650227990997349
2.00000000979998,84.00000000159915,13.999999988600877,0.03625800203595346
2.00000000979998,85.00000000149915,12.999999988700878,0.03599579125440644
2.00000000979998,86.00000000139913,11.999999988800894,0.03571419093839315
2.00000000979998,87.00000000129913,10.999999988900896,0.03541157403289397
2.00000000979998,88.00000000119911,9.999999989000912,0.03508611620245119
2.00000000979998,89.0000000010991,8.999999989100928,0.03473576317440258
2.00000000979998,90.0000000009991,7.99999998920093,0.034358190645724186
2.00000000979998,91.00000000089908,6.999999989300946,0.033950754542103403
2.00000000979998,92.00000000079908,5.999999989400948,0.03351042858533286
2.00000000979998,93.00000000069907,4.9999999895009495,0.033033724905644775
2.00000000979998,94.00000000059904,3.9999999896009797,0.03251659161080548
2.00000000979998,95.00000000049904,2.9999999897009815,0.03195427842722148
2.00000000979998,96.00000000039903,1.9999999898009975,0.0313411571257169
2.00000000979998,97.00000000029902,0.9999999899009993,0.030670476299045308
3.0000000096999697,1e-08,96.99999998030003,0.024835647235925584
3.0000000096999697,1.00000000989999,95.99999998040003,0.02607986475311259
3.0000000096999697,2.00000000979998,94.99999998050005,0.027182470981703587
3.0000000096999697,3.0000000096999697,93.99999998060007,0.028169871750633284
3.0000000096999697,4.00000000959996,92.99999998070007,0.029061252157643117
3.0000000096999697,5.000000009499949,91.99999998080008,0.029871104768040047
3.0000000096999697,6.0000000093999395,90.99999998090009,0.03061071516468754
3.0000000096999697,7.00000000929993,89.9999999810001,0.03128908797389238
3.0000000096999697,8.000000009199919,88.9999999811001,0.03191355203259923
3.0000000096999697,9.000000009099908,87.99999998120012,0.032490171470918
3.0000000096999697,10.000000008999898,86.99999998130014,0.03302403411899953
3.0000000096999697,11.000000008899889,85.99999998140014,0.033519459461572886
3.0000000096999697,12.000000008799878,84.99999998150015,0.03398015214771974
3.0000000096999697,13.00000000869987,83.99999998160015,0.03440931764465137
3.0000000096999697,14.00000000859986,82.99999998170017,0.034809750941058655
3.0000000096999697,15.00000000849985,81.99999998180019,0.035183905661279664
3.0000000096999697,16.00000000839984,80.99999998190019,0.035533948676194735
3.0000000096999697,17.00000000829983,79.9999999820002,0.035861803798221466
3.0000000096999697,18.00000000819982,78.9999999821002,0.03616918713809204
3.0000000096999697,19.00000000809981,77.99999998220022,0.036457636006741026
3.0000000096999697,20.000000007999798,76.99999998230024,0.03672853275924435
3.0000000096999697,21.00000000789979,75.99999998240024,0.03698312463130125
3.0000000096999697,22.00000000779978,74.99999998250024,0.03722254036818845
3.0000000096999697,23.000000007699768,73.99999998260026,0.03744780426236037
3.0000000096999697,24.00000000759976,72.99999998270027,0.03765984807936806
3.0000000096999697,25.000000007499747,71.99999998280029,0.0378595212491681
3.0000000096999697,26.000000007399738,70.99999998290029,0.038047599621923014
3.0000000096999697,27.00000000729973,69.9999999830003,0.038224793027540255
3.0000000096999697,28.00000000719972,68.99999998310031,0.0383917518318102
3.0000000096999697,29.000000007099707,67.99999998320033,0.038549072645738536
3.0000000096999697,30.0000000069997,66.99999998330034,0.03869730331607862
3.0000000096999697,31.000000006899686,65.99999998340034,0.03883694730235522
3.0000000096999697,32.00000000679968,64.99999998350035,0.03896846752749302
3.0000000096999697,33.00000000669967,63.99999998360036,0.03909228977451318
3.0000000096999697,34.000000006599656,62.99999998370038,0.0392088056898775
3.0000000096999697,35.00000000649965,61.999999983800386,0.03931837544435836
3.0000000096999697,36.00000000639964,60.999999983900395,0.03942133009434529
3.0000000096999697,37.00000000629963,59.999999984000404,0.03951797367991928
3.0000000096999697,38.00000000619962,58.99999998410041,0.03960858509055746
3.0000000096999697,39.000000006099604,57.99999998420043,0.0396934197247667
3.0000000096999697,40.000000005999595,56.99999998430044,0.03977271096610749
3.0000000096999697,41.00000000589959,55.999999984400446,0.039846671494832724
3.0000000096999697,42.00000000579958,54.999999984500455,0.03991549445161459
3.0000000096999697,43.00000000569957,53.999999984600464,0.03997935446748435
3.0000000096999697,44.00000000559956,52.99999998470047,0.04003840857209203
3.0000000096999697,45.000000005499544,51.99999998480049,0.04009279699064661
3.0000000096999697,46.000000005399535,50.9999999849005,0.04014264383837925
3.0000000096999697,47.000000005299526,49.99999998500051,0.04018805772003704
3.0000000096999697,48.00000000519952,48.999999985100516,0.040229132240736216
3.0000000096999697,49.00000000509951,47.999999985200525,0.040265946433449225
3.0000000096999697,50.00000000499949,46.99999998530054,0.04029856510744913
3.0000000096999697,51.00000000489948,45.99999998540055,0.04032703912116532
3.0000000096999697,52.000000004799475,44.99999998550056,0.04035140558210167
3.0000000096999697,53.000000004699466,43.99999998560057,0.04037168797571142
3.0000000096999697,54.00000000459946,42.999999985700576,0.040387896224404786
3.0000000096999697,55.00000000449945,41.999999985800585,0.04040002667716582
3.0000000096999697,56.00000000439944,40.999999985900594,0.040408062029567114
3.0000000096999697,57.00000000429942,39.99999998600061,0.04041197117327849
3.0000000096999697,58.000000004199414,38.99999998610062,0.04041170897345985
3.0000000096999697,59.000000004099405,37.99999998620063,0.040407215971694284
3.0000000096999697,60.000000003999396,36.99999998630064,0.04039841801134145
3.0000000096999697,61.00000000389939,35.99999998640064,0.04038522578136225
3.0000000096999697,62.00000000379937,34.999999986500654,0.04036753427376304
3.0000000096999697,63.00000000369936,33.99999998660067,0.040345222148815744
3.0000000096999697,64.00000000359935,32.99999998670067,0.040318151001110136
3.0000000096999697,65.00000000349935,31.999999986800674,0.040286164518256444
3.0000000096999697,66.00000000339934,30.99999998690069,0.04024908752265847
3.0000000096999697,67.00000000329932,29.999999987000706,0.04020672488518107
3.0000000096999697,68.00000000319932,28.999999987100708,0.04015886029770338
3.0000000096999697,69.0000000030993,27.999999987200724,0.04010525488942989
3.0000000096999697,70.0000000029993,26.999999987300725,0.04004564566936904
3.0000000096999697,71.00000000289928,25.99999998740074,0.03997974377450796
3.0000000096999697,72.00000000279927,24.999999987500757,0.03990723249982596
3.0000000096999697,73.00000000269927,23.99999998760076,0.0398277650822876
3.0000000096999697,74.00000000259925,22.999999987700775,0.03974096220620285
3.0000000096999697,75.00000000249925,21.999999987800777,0.039646409191664046
3.0000000096999697,76.00000000239923,20.999999987900793,0.03954365282095669
3.0000000096999697,77.00000000229923,19.999999988000795,0.03943219774961412
3.0000000096999697,78.00000000219922,18.99999998810081,0.039311502438805074
3.0000000096999697,79.0000000020992,17.999999988200827,0.03918097453355565
3.0000000096999697,80.0000000019992,16.99999998830083,0.03903996559633965
3.0000000096999697,81.00000000189918,15.999999988400845,0.03888776508707068
3.0000000096999697,82.00000000179918,14.999999988500846,0.03872359345750807
3.0000000096999697,83.00000000169916,13.999999988600862,0.03854659419923724
3.0000000096999697,84.00000000159915,12.999999988700878,0.038355824647955804
3.0000000096999697,85.00000000149915,11.99999998880088,0.038150245300426246
3.0000000096999697,86.00000000139913,10.999999988900896,0.03792870734092792
3.0000000096999697,87.00000000129913,9.999999989000898,0.0376899379969156
3.0000000096999697,88.00000000119911,8.999999989100914,0.03743252324268395
3.0000000096999697,89.0000000010991,7.99999998920093,0.037154887236407745
3.0000000096999697,90.0000000009991,6.999999989300932,0.03685526769747134
3.0000000096999697,91.00000000089908,5.999999989400948,0.03653168618935314
3.0000000096999697,92.00000000079908,4.9999999895009495,0.03618191194169014
3.0000000096999697,93.00000000069907,3.9999999896009513,0.035803417383282195
3.0000000096999697,94.00000000059904,2.9999999897009815,0.035393322904154596
3.0000000096999697,95.00000000049904,1.9999999898009833,0.03494832742327325
3.0000000096999697,96.00000000039903,0.9999999899009993,0.03446461995554493
4.00000000959996,1e-08,95.99999998040003,0.026435101899289052
4.00000000959996,1.00000000989999,94.99999998050005,0.02756348129497936
4.00000000959996,2.00000000979998,93.99999998060007,0.028574298433015174
4.00000000959996,3.0000000096999697,92.99999998070007,0.029487209830197272
4.00000000959996,4.00000000959996,91.99999998080008,0.03031705079647615
4.00000000959996,5.000000009499949,90.99999998090009,0.031075365778621824
4.00000000959996,6.0000000093999395,89.9999999810001,0.03177136094228516
4.00000000959996,7.00000000929993,88.9999999811001,0.032412525972602184
4.00000000959996,8.000000009199919,87.99999998120012,0.03300505605121266
4.00000000959996,9.000000009099908,86.99999998130014,0.033554147668395776
4.00000000959996,10.000000008999898,85.99999998140014,0.03406421177116255
4.00000000959996,11.000000008899889,84.99999998150015,0.03453903101429383
4.00000000959996,12.000000008799878,83.99999998160015,0.03498187817242576
4.00000000959996,13.00000000869987,82.99999998170017,0.03539560691870561
4.00000000959996,14.00000000859986,81.99999998180019,0.03578272252864245
4.00000000959996,15.00000000849985,80.99999998190019,0.0361454377283264
4.00000000959996,16.00000000839984,79.99999998200019,0.03648571736643456
4.00000000959996,17.00000000829983,78.9999999821002,0.03680531455259006
4.00000000959996,18.00000000819982,77.99999998220022,0.03710580019198195
4.00000000959996,19.00000000809981,76.99999998230024,0.03738858734718539
4.00000000959996,20.000000007999798,75.99999998240024,0.03765495150286393
4.00000000959996,21.00000000789979,74.99999998250024,0.037906047552207965
4.00000000959996,22.00000000779978,73.99999998260026,0.03814292413568
4.00000000959996,23.000000007699768,72.99999998270027,0.03836653582282232
4.00000000959996,24.00000000759976,71.99999998280029,0.038577753522824096
4.00000000959996,25.000000007499747,70.99999998290029,0.03877737342973086
4.00000000959996,26.000000007399738,69.9999999830003,0.03896612474692717
4.00000000959996,27.00000000729973,68.99999998310031,0.039144676388068164
4.00000000959996,28.00000000719972,67.99999998320033,0.039313642814543054
4.00000000959996,29.000000007099707,66.99999998330034,0.0394735891403208
4.00000000959996,30.0000000069997,65.99999998340034,0.03962503561181015
4.00000000959996,31.000000006899686,64.99999998350035,0.039768461551788974
4.00000000959996,32.00000000679968,63.99999998360036,0.03990430884149232
4.00000000959996,33.00000000669967,62.99999998370037,0.04003298500281237
4.00000000959996,34.000000006599656,61.999999983800386,0.04015486593265986
4.00000000959996,35.00000000649965,60.999999983900395,0.04027029833340934
4.00000000959996,36.00000000639964,59.999999984000404,0.040379601876638804
4.00000000959996,37.00000000629963,58.99999998410041,0.04048307113180375
4.00000000959996,38.00000000619962,57.99999998420042,0.04058097728683919
4.00000000959996,39.000000006099604,56.99999998430044,0.040673569683779866
4.00000000959996,40.000000005999595,55.999999984400446,0.040761077189203763
4.00000000959996,41.00000000589959,54.999999984500455,0.04084370941651382
4.00000000959996,42.00000000579958,53.999999984600464,0.040921657814698684
4.00000000959996,43.00000000569957,52.99999998470047,0.04099509663617819
4.00000000959996,44.00000000559956,51.99999998480048,0.041064183794585665
4.00000000959996,45.000000005499544,50.9999999849005,0.04112906162181969
4.00000000959996,46.000000005399535,49.99999998500051,0.04118985753237366
4.00000000959996,47.000000005299526,48.999999985100516,0.04124668460178545
4.00000000959996,48.00000000519952,47.999999985200525,0.0412996420650208
4.00000000959996,49.00000000509951,46.99999998530053,0.04134881573968402
4.00000000959996,50.00000000499949,45.99999998540055,0.04139427837811956
4.00000000959996,51.00000000489948,44.99999998550056,0.04143608995171443
4.00000000959996,52.000000004799475,43.99999998560057,0.04147429787001464
4.00000000959996,53.000000004699466,42.999999985700576,0.041508937136619344
4.00000000959996,54.00000000459946,41.999999985800585,0.04154003044320157
4.00000000959996,55.00000000449945,40.999999985900594,0.041567588202411444
4.00000000959996,56.00000000439944,39.9999999860006,0.04159160851984142
4.00000000959996,57.00000000429942,38.99999998610062,0.0416120771046581
4.00000000959996,58.000000004199414,37.99999998620063,0.04162896711792539
4.00000000959996,59.000000004099405,36.99999998630064,0.041642238957050055
4.00000000959996,60.000000003999396,35.99999998640064,0.04165183997416029
4.00000000959996,61.00000000389939,34.999999986500654,0.04165770412557221
4.00000000959996,62.00000000379937,33.99999998660067,0.04165975154879749
4.00000000959996,63.00000000369936,32.99999998670067,0.041657888062780986
4.00000000959996,64.00000000359935,31.999999986800688,0.04165200458622197
4.00000000959996,65.00000000349935,30.99999998690069,0.04164197646790285
4.00000000959996,66.00000000339934,29.999999987000706,0.04162766272191289
4.00000000959996,67.00000000329932,28.999999987100722,0.04160890515948324
4.00000000959996,68.00000000319932,27.999999987200724,0.041585527407822405
4.00000000959996,69.0000000030993,26.99999998730074,0.04155733380482235
4.00000000959996,70.0000000029993,25.99999998740074,0.04152410815676134
4.00000000959996,71.00000000289928,24.999999987500757,0.0414856123441128
4.00000000959996,72.00000000279927,23.999999987600773,0.04144158475822592
4.00000000959996,73.00000000269927,22.999999987700775,0.041391738548908624
4.00000000959996,74.00000000259925,21.99999998780079,0.0413357596597323
4.00000000959996,75.00000000249925,20.999999987900793,0.041273304624094016
4.00000000959996,76.00000000239923,19.99999998800081,0.04120399809058778
4.00000000959996,77.00000000229923,18.99999998810081,0.041127430040899665
4.00000000959996,78.00000000219922,17.999999988200827,0.04104315265705723
4.00000000959996,79.0000000020992,16.999999988300843,0.040950676787186086
4.00000000959996,80.0000000019992,15.999999988400845,0.04084946794964844
4.00000000959996,81.00000000189918,14.99999998850086,0.04073894180415883
4.00000000959996,82.00000000179918,13.999999988600862,0.04061845900468689
4.00000000959996,83.00000000169916,12.999999988700878,0.040487319332000934
4.00000000959996,84.00000000159915,11.999999988800894,0.040344754982721526
4.00000000959996,85.00000000149915,10.999999988900896,0.040189922865604334
4.00000000959996,86.00000000139913,9.999999989000912,0.04002189572295512
4.00000000959996,87.00000000129913,8.999999989100914,0.039839651853579044
4.00000000959996,88.00000000119911,7.99999998920093,0.03964206316075777
4.00000000959996,89.0000000010991,6.999999989300946,0.039427881180709265
4.00000000959996,90.0000000009991,5.999999989400948,0.039195720658669955
4.00000000959996,91.00000000089908,4.999999989500964,0.03894404012395766
4.00000000959996,92.00000000079908,3.9999999896009655,0.038671118761941174
4.00000000959996,93.00000000069907,2.9999999897009673,0.03837502867513422
4.00000000959996,94.00000000059904,1.9999999898009975,0.038053601346346125
4.00000000959996,95.00000000049904,0.9999999899009993,0.03770438673239388
5.000000009499949,1e-08,94.99999998050005,0.027837742510214803
5.000000009499949,1.00000000989999,93.99999998060007,0.02887819254076059
5.000000009499949,2.00000000979998,92.99999998070007,0.029817778557015055
5.000000009499949,3.0000000096999697,91.99999998080008,0.030671937246799327
5.000000009499949,4.00000000959996,90.99999998090009,0.031452650170080955
5.000000009499949,5.000000009499949,89.9999999810001,0.03216945238443349
5.000000009499949,6.0000000093999395,88.9999999811001,0.03283008813907473
5.000000009499949,7.00000000929993,87.99999998120012,0.03344095435069387
5.000000009499949,8.000000009199919,86.99999998130014,0.034007410603749164
5.000000009499949,9.000000009099908,85.99999998140014,0.03453400198094685
5.000000009499949,10.000000008999898,84.99999998150015,0.03502462311410959
5.000000009499949,11.000000008899889,83.99999998160015,0.03548264149193251
5.000000009499949,12.000000008799878,82.99999998170017,0.035910991840946704
5.000000009499949,13.00000000869987,81.99999998180019,0.036312249531473745
5.000000009499949,14.00000000859986,80.99999998190019,0.036688688487721555
5.000000009499949,15.00000000849985,79.9999999820002,0.03704232745750577
5.000000009499949,16.00000000839984,78.9999999821002,0.03737496740597331
5.000000009499949,17.00000000829983,77.99999998220022,0.03768822204914378
5.000000009499949,18.00000000819982,76.99999998230024,0.03798354301985439
5.000000009499949,19.00000000809981,75.99999998240024,0.03826224078673324
5.000000009499949,20.000000007999798,74.99999998250026,0.03852550217829373
5.000000009499949,21.00000000789979,73.99999998260026,0.038774405167633405
5.000000009499949,22.00000000779978,72.99999998270027,0.03900993142739315
5.000000009499949,23.000000007699768,71.99999998280029,0.039232977055176935
5.000000009499949,24.00000000759976,70.99999998290029,0.03944436178656162
5.000000009499949,25.000000007499747,69.99999998300031,0.039644836949137056
5.000000009499949,26.000000007399738,68.99999998310031,0.039835092361714154
5.000000009499949,27.00000000729973,67.99999998320033,0.040015762344339276
5.000000009499949,28.00000000719972,66.99999998330033,0.040187430974431504
5.000000009499949,29.000000007099707,65.99999998340034,0.04035063670029835
5.000000009499949,30.0000000069997,64.99999998350035,0.04050587640404635
5.000000009499949,31.000000006899686,63.99999998360036,0.04065360899041672
5.000000009499949,32.00000000679968,62.99999998370037,0.04079425856552598
5.000000009499949,33.00000000669967,61.99999998380038,0.040928217259258944
5.000000009499949,34.000000006599656,60.999999983900395,0.04105584773666929
5.000000009499949,35.00000000649965,59.999999984000404,0.04117748543681891
5.000000009499949,36.00000000639964,58.99999998410041,0.041293440571747164
5.000000009499949,37.00000000629963,57.99999998420042,0.04140399991347322
5.000000009499949,38.00000000619962,56.99999998430043,0.04150942839292493
5.000000009499949,39.000000006099604,55.999999984400446,0.04160997053130834
5.000000009499949,40.000000005999595,54.999999984500455,0.041705851721575066
5.000000009499949,41.00000000589959,53.999999984600464,0.041797279375211605
5.000000009499949,42.00000000579958,52.99999998470047,0.04188444394749791
5.000000009499949,43.00000000569957,51.99999998480048,0.04196751985259718
5.000000009499949,44.00000000559956,50.99999998490049,0.04204666627829626
5.000000009499949,45.000000005499544,49.99999998500051,0.04212202790887834
5.000000009499949,46.000000005399535,48.999999985100516,0.042193735563439215
5.000000009499949,47.000000005299526,47.999999985200525,0.04226190675592996
5.000000009499949,48.00000000519952,46.99999998530053,0.04232664618229873
5.000000009499949,49.00000000509951,45.99999998540054,0.04238804613929068
5.000000009499949,50.00000000499949,44.99999998550056,0.04244618687873486
5.000000009499949,51.00000000489948,43.99999998560057,0.042501136900480505
5.000000009499949,52.000000004799475,42.999999985700576,0.04255295318653522
5.000000009499949,53.000000004699466,41.999999985800585,0.04260168137838982
5.000000009499949,54.00000000459946,40.999999985900594,0.04264735589897851
5.000000009499949,55.00000000449945,39.9999999860006,0.04269000002021445
5.000000009499949,56.00000000439944,38.99999998610061,0.04272962587654398
5.000000009499949,57.00000000429942,37.99999998620063,0.04276623442447741
