% (Ta),% (V),% (Nb),Sigma_e0
1e-08,1e-08,99.99999998,143927.9999885369
1e-08,1.00000000989999,98.99999998010001,142256.28089421062
1e-08,2.00000000979998,97.99999998020002,140632.6679464117
1e-08,3.0000000096999697,96.99999998030003,139055.50463663856
1e-08,4.00000000959996,95.99999998040003,137523.21353456934
1e-08,5.000000009499949,94.99999998050005,136034.29183475865
1e-08,6.0000000093999395,93.99999998060007,134587.30720495177
1e-08,7.00000000929993,92.99999998070007,133180.89391272055
1e-08,8.000000009199919,91.99999998080008,131813.74920917046
1e-08,9.000000009099908,90.99999998090009,130484.62995031023
1e-08,10.000000008999898,89.9999999810001,129192.34943834024
1e-08,11.000000008899889,88.9999999811001,127935.77446662482
1e-08,12.000000008799878,87.99999998120012,126713.82255347763
1e-08,13.00000000869987,86.99999998130014,125525.45935112856
1e-08,14.00000000859986,85.99999998140014,124369.6962173636
1e-08,15.00000000849985,84.99999998150015,123245.58793835263
1e-08,16.00000000839984,83.99999998160015,122152.23059210718
1e-08,17.00000000829983,82.99999998170017,121088.75954285984
1e-08,18.00000000819982,81.99999998180019,120054.34755742554
1e-08,19.00000000809981,80.99999998190019,119048.20303531084
1e-08,20.000000007999798,79.9999999820002,118069.56834498237
1e-08,21.00000000789979,78.9999999821002,117117.71825928854
1e-08,22.00000000779978,77.99999998220022,116191.95848357426
1e-08,23.000000007699768,76.99999998230024,115291.62427051502
1e-08,24.00000000759976,75.99999998240024,114416.07911615292
1e-08,25.000000007499747,74.99999998250026,113564.71353203233
1e-08,26.000000007399738,73.99999998260026,112736.94388871168
1e-08,27.00000000729973,72.99999998270027,111932.2113262822
1e-08,28.00000000719972,71.99999998280028,111149.98072784496
1e-08,29.000000007099707,70.99999998290029,110389.73975219732
1e-08,30.0000000069997,69.9999999830003,109650.99792225218
1e-08,31.000000006899686,68.99999998310031,108933.28576596997
1e-08,32.00000000679968,67.99999998320033,108236.15400681538
1e-08,33.00000000669967,66.99999998330033,107559.17280096973
1e-08,34.000000006599656,65.99999998340034,106901.93101872921
1e-08,35.00000000649965,64.99999998350035,106264.03556770842
1e-08,36.00000000639964,63.99999998360036,105645.11075563898
1e-08,37.00000000629963,62.99999998370037,105044.79769071689
1e-08,38.00000000619962,61.99999998380038,104462.75371760102
1e-08,39.000000006099604,60.999999983900395,103898.65188730574
1e-08,40.000000005999595,59.999999984000404,103352.18045936158
1e-08,41.00000000589959,58.99999998410041,102823.04243474109
1e-08,42.00000000579958,57.99999998420042,102310.95511816043
1e-08,43.00000000569957,56.99999998430043,101815.64970847731
1e-08,44.00000000559956,55.99999998440044,101336.87091600621
1e-08,45.000000005499544,54.999999984500455,100874.37660566848
1e-08,46.000000005399535,53.999999984600464,100427.93746498521
1e-08,47.000000005299526,52.99999998470047,99997.3366960086
1e-08,48.00000000519952,51.99999998480048,99582.36973036747
1e-08,49.00000000509951,50.99999998490049,99182.84396668267
1e-08,50.00000000499949,49.99999998500051,98798.5785296825
1e-08,51.00000000489948,48.999999985100516,98429.40405042082
1e-08,52.000000004799475,47.999999985200525,98075.16246707013
1e-08,53.000000004699466,46.99999998530053,97735.70684582935
1e-08,54.00000000459946,45.99999998540054,97410.90122155244
1e-08,55.00000000449945,44.99999998550055,97100.62045776752
1e-08,56.00000000439944,43.99999998560056,96804.7501258209
1e-08,57.00000000429942,42.999999985700576,96523.18640294143
1e-08,58.000000004199414,41.999999985800585,96255.83598908366
1e-08,59.000000004099405,40.999999985900594,96002.61604247078
1e-08,60.000000003999396,39.9999999860006,95763.45413381942
1e-08,61.00000000389939,38.99999998610061,95538.28821929218
1e-08,62.00000000379937,37.99999998620063,95327.06663228782
1e-08,63.00000000369936,36.99999998630064,95129.74809424327
1e-08,64.00000000359935,35.99999998640065,94946.3017446888
1e-08,65.00000000349935,34.999999986500654,94776.70719086757
1e-08,66.00000000339934,33.99999998660067,94620.9545772998
1e-08,67.00000000329932,32.999999986700686,94479.04467574871
1e-08,68.00000000319932,31.999999986800688,94350.98899612081
1e-08,69.0000000030993,30.999999986900704,94236.80991891562
1e-08,70.0000000029993,29.999999987000706,94136.54084992585
1e-08,71.00000000289928,28.999999987100722,94050.22639797932
1e-08,72.00000000279927,27.999999987200738,93977.92257661051
1e-08,73.00000000269927,26.99999998730074,93919.69703065294
1e-08,74.00000000259925,25.999999987400756,93875.6292888529
1e-08,75.00000000249925,24.999999987500757,93845.81104372183
1e-08,76.00000000239923,23.999999987600773,93830.34645997368
1e-08,77.00000000229923,22.999999987700775,93829.35251302649
1e-08,78.00000000219922,21.99999998780079,93842.95935919695
1e-08,79.0000000020992,20.999999987900807,93871.31073937466
1e-08,80.0000000019992,19.99999998800081,93914.56441813587
1e-08,81.00000000189918,18.999999988100825,93972.89266044296
1e-08,82.00000000179918,17.999999988200827,94046.48274828184
1e-08,83.00000000169916,16.999999988300843,94135.53753980913
1e-08,84.00000000159915,15.999999988400859,94240.27607382684
1e-08,85.00000000149915,14.99999998850086,94360.9342226655
1e-08,86.00000000139913,13.999999988600877,94497.76539684944
1e-08,87.00000000129913,12.999999988700878,94651.04130523611
1e-08,88.00000000119911,11.999999988800894,94821.0527746731
1e-08,89.0000000010991,10.99999998890091,95008.11063360199
1e-08,90.0000000009991,9.999999989000912,95212.54666446388
1e-08,91.00000000089908,8.999999989100928,95434.71463023058
1e-08,92.00000000079908,7.99999998920093,95674.99138090342
1e-08,93.00000000069907,6.999999989300932,95933.77804639768
1e-08,94.00000000059904,5.999999989400962,96211.50132286221
1e-08,95.00000000049904,4.999999989500964,96508.61486019295
1e-08,96.00000000039903,3.9999999896009797,96825.60075927964
1e-08,97.00000000029902,2.9999999897009815,97162.97118839726
1e-08,98.00000000019902,1.9999999898009833,97521.2701291249
1e-08,99.00000000009899,0.9999999899010135,97901.0752632562
1.00000000989999,1e-08,98.99999998010001,143052.65372977793
1.00000000989999,1.00000000989999,97.99999998020002,141414.50147581834
1.00000000989999,2.00000000979998,96.99999998030003,139823.26412232037
1.00000000989999,3.0000000096999697,95.99999998040003,138277.34560277706
1.00000000989999,4.00000000959996,94.99999998050005,136775.22543068518
1.00000000989999,5.000000009499949,93.99999998060007,135315.45448985512
1.00000000989999,6.0000000093999395,92.99999998070007,133896.65110718127
1.00000000989999,7.00000000929993,91.99999998080008,132517.4973862846
1.00000000989999,8.000000009199919,90.99999998090009,131176.73578231403
1.00000000989999,9.000000009099908,89.9999999810001,129873.16589988528
1.00000000989999,10.000000008999898,88.99999998110012,128605.64149766926
1.00000000989999,11.000000008899889,87.99999998120012,127373.06768452887
1.00000000989999,12.000000008799878,86.99999998130014,126174.39829336238
1.00000000989999,13.00000000869987,85.99999998140014,125008.6334199527
1.00000000989999,14.00000000859986,84.99999998150015,123874.81711516243
1.00000000989999,15.00000000849985,83.99999998160015,122772.03521975536
1.00000000989999,16.00000000839984,82.99999998170017,121699.41333198933
1.00000000989999,17.00000000829983,81.99999998180019,120656.11489890596
1.00000000989999,18.00000000819982,80.99999998190019,119641.33942295956
1.00000000989999,19.00000000809981,79.9999999820002,118654.32077628214
1.00000000989999,20.000000007999798,78.9999999821002,117694.32561547597
1.00000000989999,21.00000000789979,77.99999998220022,116760.65189037437
1.00000000989999,22.00000000779978,76.99999998230024,115852.62744071244
1.00000000989999,23.000000007699768,75.99999998240024,114969.60867510621
1.00000000989999,24.00000000759976,74.99999998250026,114110.9793271629
1.00000000989999,25.000000007499747,73.99999998260026,113276.14928393201
1.00000000989999,26.000000007399738,72.99999998270027,112464.5534822609
1.00000000989999,27.00000000729973,71.99999998280029,111675.65086895047
1.00000000989999,28.00000000719972,70.99999998290029,110908.92342090404
1.00000000989999,29.000000007099707,69.99999998300031,110163.87522174609
1.00000000989999,30.0000000069997,68.99999998310031,109440.03159164134
1.00000000989999,31.000000006899686,67.99999998320033,108736.93826728436
1.00000000989999,32.00000000679968,66.99999998330033,108054.16062925007
1.00000000989999,33.00000000669967,65.99999998340033,107391.28297409938
1.00000000989999,34.000000006599656,64.99999998350035,106747.90782882326
1.00000000989999,35.00000000649965,63.99999998360036,106123.65530538496
1.00000000989999,36.00000000639964,62.99999998370037,105518.16249328399
1.00000000989999,37.00000000629963,61.99999998380038,104931.08288821591
1.00000000989999,38.00000000619962,60.99999998390039,104362.08585504747
1.00000000989999,39.000000006099604,59.999999984000404,103810.85612345606
1.00000000989999,40.000000005999595,58.99999998410041,103277.09331470846
1.00000000989999,41.00000000589959,57.99999998420042,102760.51149817122
1.00000000989999,42.00000000579958,56.99999998430043,102260.83877625248
1.00000000989999,43.00000000569957,55.99999998440044,101777.81689657936
1.00000000989999,44.00000000559956,54.99999998450045,101311.20089031296
1.00000000989999,45.000000005499544,53.999999984600464,100860.75873559376
1.00000000989999,46.000000005399535,52.99999998470047,100426.27104519868
1.00000000989999,47.000000005299526,51.99999998480048,100007.53077757367
1.00000000989999,48.00000000519952,50.99999998490049,99604.34297048555
1.00000000989999,49.00000000509951,49.9999999850005,99216.5244966122
1.00000000989999,50.00000000499949,48.999999985100516,98843.90384046441
1.00000000989999,51.00000000489948,47.999999985200525,98486.32089610172
1.00000000989999,52.000000004799475,46.99999998530053,98143.62678517528
1.00000000989999,53.000000004699466,45.99999998540054,97815.68369489467
1.00000000989999,54.00000000459946,44.99999998550055,97502.36473558297
1.00000000989999,55.00000000449945,43.99999998560056,97203.55381754812
1.00000000989999,56.00000000439944,42.99999998570057,96919.14554705976
1.00000000989999,57.00000000429942,41.999999985800585,96649.04514128716
1.00000000989999,58.000000004199414,40.999999985900594,96393.16836211347
1.00000000989999,59.000000004099405,39.9999999860006,96151.44146880606
1.00000000989999,60.000000003999396,38.99999998610061,95923.80118958595
1.00000000989999,61.00000000389939,37.99999998620062,95710.19471220377
1.00000000989999,62.00000000379937,36.99999998630064,95510.57969369508
1.00000000989999,63.00000000369936,35.99999998640065,95324.92428955635
1.00000000989999,64.00000000359935,34.999999986500654,95153.20720265106
1.00000000989999,65.00000000349935,33.999999986600656,94995.4177522282
1.00000000989999,66.00000000339934,32.99999998670067,94851.55596351057
1.00000000989999,67.00000000329932,31.999999986800688,94721.6326783872
1.00000000989999,68.00000000319932,30.99999998690069,94605.66968782844
1.00000000989999,69.0000000030993,29.999999987000706,94503.69988672656
1.00000000989999,70.0000000029993,28.999999987100708,94415.76745195824
1.00000000989999,71.00000000289928,27.999999987200724,94341.9280445621
1.00000000989999,72.00000000279927,26.99999998730074,94282.24903702646
1.00000000989999,73.00000000269927,25.99999998740074,94236.80976679591
1.00000000989999,74.00000000259925,24.999999987500757,94205.7018172222
1.00000000989999,75.00000000249925,23.99999998760076,94189.02932731218
1.00000000989999,76.00000000239923,22.999999987700775,94186.9093317638
1.00000000989999,77.00000000229923,21.999999987800777,94199.47213292994
1.00000000989999,78.00000000219922,20.999999987900793,94226.86170650771
1.00000000989999,79.0000000020992,19.99999998800081,94269.2361429281
1.00000000989999,80.0000000019992,18.99999998810081,94326.7681266077
1.00000000989999,81.00000000189918,17.999999988200827,94399.64545543013
1.00000000989999,82.00000000179918,16.99999998830083,94488.07160305053
1.00000000989999,83.00000000169916,15.999999988400845,94592.26632685965
1.00000000989999,84.00000000159915,14.99999998850086,94712.46632471264
1.00000000989999,85.00000000149915,13.999999988600862,94848.92594382254
1.00000000989999,86.00000000139913,12.999999988700878,95001.91794553757
1.00000000989999,87.00000000129913,11.99999998880088,95171.73433007918
1.00000000989999,88.00000000119911,10.999999988900896,95358.68722570306
1.00000000989999,89.0000000010991,9.999999989000912,95563.1098471782
1.00000000989999,90.0000000009991,8.999999989100914,95785.35752894964
1.00000000989999,91.00000000089908,7.99999998920093,96025.80883887582
1.00000000989999,92.00000000079908,6.999999989300932,96284.8667790088
1.00000000989999,93.00000000069907,5.9999999894009335,96562.96008052805
1.00000000989999,94.00000000059904,4.999999989500964,96860.54460064924
1.00000000989999,95.00000000049904,3.9999999896009655,97178.10483012033
1.00000000989999,96.00000000039903,2.9999999897009815,97516.15552079669
1.00000000989999,97.00000000029902,1.9999999898009833,97875.24344376673
1.00000000989999,98.00000000019902,0.999999989900985,98255.94928959226
2.00000000979998,1e-08,97.99999998020002,142204.59480533583
2.00000000979998,1.00000000989999,96.99999998030003,140599.0876915554
2.00000000979998,2.00000000979998,95.99999998040003,139039.35298404368
2.00000000979998,3.0000000096999697,94.99999998050005,137523.85220929203
2.00000000979998,4.00000000959996,93.99999998060007,136051.1191777439
2.00000000979998,5.000000009499949,92.99999998070007,134619.7560016516
2.00000000979998,6.0000000093999395,91.99999998080008,133228.4293776838
2.00000000979998,7.00000000929993,90.99999998090009,131875.86711425925
2.00000000979998,8.000000009199919,89.9999999810001,130560.85488530042
2.00000000979998,9.000000009099908,88.99999998110012,129282.23319366192
2.00000000979998,10.000000008999898,87.99999998120012,128038.89452889792
2.00000000979998,11.000000008899889,86.99999998130014,126829.78070531068
2.00000000979998,12.000000008799878,85.99999998140014,125653.88036738498
2.00000000979998,13.00000000869987,84.99999998150015,124510.22665076757
2.00000000979998,14.00000000859986,83.99999998160015,123397.89498791052
2.00000000979998,15.00000000849985,82.99999998170017,122316.00104837111
2.00000000979998,16.00000000839984,81.99999998180019,121263.69880455696
2.00000000979998,17.00000000829983,80.99999998190019,120240.17871443361
2.00000000979998,18.00000000819982,79.9999999820002,119244.66601337312
2.00000000979998,19.00000000809981,78.9999999821002,118276.41910793078
2.00000000979998,20.000000007999798,77.99999998220022,117334.72806489216
2.00000000979998,21.00000000789979,76.99999998230024,116418.91318944057
2.00000000979998,22.00000000779978,75.99999998240024,115528.32368676257
2.00000000979998,23.000000007699768,74.99999998250026,114662.33640183645
2.00000000979998,24.00000000759976,73.99999998260026,113820.35463254259
2.00000000979998,25.000000007499747,72.99999998270027,113001.8070115953
2.00000000979998,26.000000007399738,71.99999998280029,112206.14645312978
2.00000000979998,27.00000000729973,70.99999998290029,111432.84916008452
2.00000000979998,28.00000000719972,69.9999999830003,110681.4136888009
2.00000000979998,29.000000007099707,68.99999998310031,109951.36006752613
2.00000000979998,30.0000000069997,67.99999998320033,109242.22896574339
2.00000000979998,31.000000006899686,66.99999998330034,108553.58091148027
2.00000000979998,32.00000000679968,65.99999998340033,107884.99555395082
2.00000000979998,33.00000000669967,64.99999998350035,107236.0709690808
2.00000000979998,34.000000006599656,63.99999998360036,106606.4230056422
2.00000000979998,35.00000000649965,62.99999998370037,105995.68466989095
2.00000000979998,36.00000000639964,61.99999998380038,105403.50554675507
2.00000000979998,37.00000000629963,60.99999998390039,104829.55125576475
2.00000000979998,38.00000000619962,59.9999999840004,104273.50294005127
2.00000000979998,39.000000006099604,58.99999998410041,103735.05678686684
2.00000000979998,40.000000005999595,57.99999998420042,103213.92357819679
2.00000000979998,41.00000000589959,56.99999998430043,102709.82827014463
2.00000000979998,42.00000000579958,55.99999998440044,102222.50959987767
2.00000000979998,43.00000000569957,54.99999998450045,101751.71971901704
2.00000000979998,44.00000000559956,53.99999998460046,101297.2238524512
2.00000000979998,45.000000005499544,52.99999998470047,100858.79998163892
2.00000000979998,46.000000005399535,51.99999998480048,100436.2385515541
2.00000000979998,47.000000005299526,50.99999998490049,100029.34220050232
2.00000000979998,48.00000000519952,49.9999999850005,99637.92551211936
2.00000000979998,49.00000000509951,48.99999998510051,99261.81478893296
2.00000000979998,50.00000000499949,47.999999985200525,98900.84784694243
2.00000000979998,51.00000000489948,46.99999998530053,98554.87383073957
2.00000000979998,52.000000004799475,45.99999998540054,98223.75304876135
2.00000000979998,53.000000004699466,44.99999998550055,97907.35682833083
2.00000000979998,54.00000000459946,43.99999998560056,97605.56739020848
2.00000000979998,55.00000000449945,42.99999998570057,97318.27774243831
2.00000000979998,56.00000000439944,41.99999998580058,97045.39159333818
2.00000000979998,57.00000000429942,40.999999985900594,96786.82328354745
2.00000000979998,58.000000004199414,39.9999999860006,96542.49773710601
2.00000000979998,59.000000004099405,38.99999998610061,96312.35043160708
2.00000000979998,60.000000003999396,37.99999998620062,96096.32738752714
2.00000000979998,61.00000000389939,36.99999998630063,95894.38517690578
2.00000000979998,62.00000000379937,35.99999998640065,95706.49095161479
2.00000000979998,63.00000000369936,34.999999986500654,95532.62249152652
2.00000000979998,64.00000000359935,33.99999998660067,95372.76827296366
2.00000000979998,65.00000000349935,32.99999998670067,95226.92755788902
2.00000000979998,66.00000000339934,31.999999986800688,95095.11050437184
2.00000000979998,67.00000000329932,30.999999986900704,94977.33829895078
2.00000000979998,68.00000000319932,29.999999987000706,94873.643311601
2.00000000979998,69.0000000030993,28.999999987100722,94784.06927410468
2.00000000979998,70.0000000029993,27.999999987200724,94708.67148272248
2.00000000979998,71.00000000289928,26.99999998730074,94647.51702616941
2.00000000979998,72.00000000279927,25.999999987400756,94600.68504000742
2.00000000979998,73.00000000269927,24.999999987500757,94568.2669886891
2.00000000979998,74.00000000259925,23.999999987600773,94550.36697661475
2.00000000979998,75.00000000249925,22.999999987700775,94547.10208970236
2.00000000979998,76.00000000239923,21.99999998780079,94558.60276912188
2.00000000979998,77.00000000229923,20.999999987900793,94585.0132190045
2.00000000979998,78.00000000219922,19.99999998800081,94626.49185011451
2.00000000979998,79.0000000020992,18.999999988100825,94683.21176166182
2.00000000979998,80.0000000019992,17.999999988200827,94755.36126364015
2.00000000979998,81.00000000189918,16.999999988300843,94843.1444423022
2.00000000979998,82.00000000179918,15.999999988400845,94946.78177163086
2.00000000979998,83.00000000169916,14.99999998850086,95066.51077393444
2.00000000979998,84.00000000159915,13.999999988600877,95202.58673299127
2.00000000979998,85.00000000149915,12.999999988700878,95355.28346349325
2.00000000979998,86.00000000139913,11.999999988800894,95524.89414089471
2.00000000979998,87.00000000129913,10.999999988900896,95711.73219616667
2.00000000979998,88.00000000119911,9.999999989000912,95916.1322803883
2.00000000979998,89.0000000010991,8.999999989100928,96138.45130458554
2.00000000979998,90.0000000009991,7.99999998920093,96379.06956075624
2.00000000979998,91.00000000089908,6.999999989300946,96638.39193060149
2.00000000979998,92.00000000079908,5.999999989400948,96916.84918913388
2.00000000979998,93.00000000069907,4.9999999895009495,97214.89941104985
2.00000000979998,94.00000000059904,3.9999999896009797,97533.02948855002
2.00000000979998,95.00000000049904,2.9999999897009815,97871.75677018095
2.00000000979998,96.00000000039903,1.9999999898009975,98231.63083125948
2.00000000979998,97.00000000029902,0.9999999899009993,98613.23538754467
3.0000000096999697,1e-08,96.99999998030003,141383.1037467591
3.0000000096999697,1.00000000989999,95.99999998040003,139809.360374929
3.0000000096999697,2.00000000979998,94.99999998050005,138280.29330707202
3.0000000096999697,3.0000000096999697,93.99999998060007,136794.41898387394
3.0000000096999697,4.00000000959996,92.99999998070007,135350.3230224167
3.0000000096999697,5.000000009499949,91.99999998080008,133946.65644675502
3.0000000096999697,6.0000000093999395,90.99999998090009,132582.1321668574
3.0000000096999697,7.00000000929993,89.9999999810001,131255.5216873175
3.0000000096999697,8.000000009199919,88.9999999811001,129965.65202882682
3.0000000096999697,9.000000009099908,87.99999998120012,128711.40284683132
3.0000000096999697,10.000000008999898,86.99999998130014,127491.70373309671
3.0000000096999697,11.000000008899889,85.99999998140014,126305.5316870872
3.0000000096999697,12.000000008799878,84.99999998150015,125151.90874513207
3.0000000096999697,13.00000000869987,83.99999998160015,124029.89975633357
3.0000000096999697,14.00000000859986,82.99999998170017,122938.61029505449
3.0000000096999697,15.00000000849985,81.99999998180019,121877.18470063429
3.0000000096999697,16.00000000839984,80.99999998190019,120844.80423572123
3.0000000096999697,17.00000000829983,79.9999999820002,119840.68535528233
3.0000000096999697,18.00000000819982,78.9999999821002,118864.07807896749
3.0000000096999697,19.00000000809981,77.99999998220022,117914.26446007179
3.0000000096999697,20.000000007999798,76.99999998230024,116990.55714485346
3.0000000096999697,21.00000000789979,75.99999998240024,116092.29801644
3.0000000096999697,22.00000000779978,74.99999998250024,115218.85691799011
3.0000000096999697,23.000000007699768,73.99999998260026,114369.63045017721
3.0000000096999697,24.00000000759976,72.99999998270027,113544.0408384289
3.0000000096999697,25.000000007499747,71.99999998280029,112741.53486569432
3.0000000096999697,26.000000007399738,70.99999998290029,111961.58286682154
3.0000000096999697,27.00000000729973,69.9999999830003,111203.67778091734
3.0000000096999697,28.00000000719972,68.99999998310031,110467.33425832335
3.0000000096999697,29.000000007099707,67.99999998320033,109752.08781909067
3.0000000096999697,30.0000000069997,66.99999998330034,109057.49406006068
3.0000000096999697,31.000000006899686,65.99999998340034,108383.12790786951
3.0000000096999697,32.00000000679968,64.99999998350035,107728.58291538958
3.0000000096999697,33.00000000669967,63.99999998360036,107093.47059930216
3.0000000096999697,34.000000006599656,62.99999998370038,106477.41981666307
3.0000000096999697,35.00000000649965,61.999999983800386,105880.07617848099
3.0000000096999697,36.00000000639964,60.999999983900395,105301.1014984734
3.0000000096999697,37.00000000629963,59.999999984000404,104740.1732753025
3.0000000096999697,38.00000000619962,58.99999998410041,104196.98420672058
3.0000000096999697,39.000000006099604,57.99999998420043,103671.24173417492
3.0000000096999697,40.000000005999595,56.99999998430044,103162.66761653386
3.0000000096999697,41.00000000589959,55.999999984400446,102670.99753170295
3.0000000096999697,42.00000000579958,54.999999984500455,102195.98070499876
3.0000000096999697,43.00000000569957,53.999999984600464,101737.3795632434
3.0000000096999697,44.00000000559956,52.99999998470047,101294.96941363282
3.0000000096999697,45.000000005499544,51.99999998480049,100868.5381465152
3.0000000096999697,46.000000005399535,50.9999999849005,100457.88596130094
3.0000000096999697,47.000000005299526,49.99999998500051,100062.82511479978
3.0000000096999697,48.00000000519952,48.999999985100516,99683.17969135783
3.0000000096999697,49.00000000509951,47.999999985200525,99318.78539424004
3.0000000096999697,50.00000000499949,46.99999998530054,98969.48935777158
3.0000000096999697,51.00000000489948,45.99999998540055,98635.1499798216
3.0000000096999697,52.000000004799475,44.99999998550056,98315.63677427925
3.0000000096999697,53.000000004699466,43.99999998560057,98010.83024323681
3.0000000096999697,54.00000000459946,42.999999985700576,97720.62176865958
3.0000000096999697,55.00000000449945,41.999999985800585,97444.91352338674
3.0000000096999697,56.00000000439944,40.999999985900594,97183.61840137184
3.0000000096999697,57.00000000429942,39.99999998600061,96936.65996713427
3.0000000096999697,58.000000004199414,38.99999998610062,96703.97242445957
3.0000000096999697,59.000000004099405,37.99999998620063,96485.50060445198
3.0000000096999697,60.000000003999396,36.99999998630064,96281.19997310812
3.0000000096999697,61.00000000389939,35.99999998640064,96091.03665865175
3.0000000096999697,62.00000000379937,34.999999986500654,95914.98749893876
3.0000000096999697,63.00000000369936,33.99999998660067,95753.04010931458
3.0000000096999697,64.00000000359935,32.99999998670067,95605.1929713843
3.0000000096999697,65.00000000349935,31.999999986800674,95471.45554323339
3.0000000096999697,66.00000000339934,30.99999998690069,95351.84839172188
3.0000000096999697,67.00000000329932,29.999999987000706,95246.40334756202
3.0000000096999697,68.00000000319932,28.999999987100708,95155.1636839837
3.0000000096999697,69.0000000030993,27.999999987200724,95078.1843198898
3.0000000096999697,70.0000000029993,26.999999987300725,95015.53204850965
3.0000000096999697,71.00000000289928,25.99999998740074,94967.28579267122
3.0000000096999697,72.00000000279927,24.999999987500757,94933.53688793308
3.0000000096999697,73.00000000269927,23.99999998760076,94914.38939494693
3.0000000096999697,74.00000000259925,22.999999987700775,94909.96044256187
3.0000000096999697,75.00000000249925,21.999999987800777,94920.38060333015
3.0000000096999697,76.00000000239923,20.999999987900793,94945.79430324037
3.0000000096999697,77.00000000229923,19.999999988000795,94986.3602676783
3.0000000096999697,78.00000000219922,18.99999998810081,95042.25200580899
3.0000000096999697,79.0000000020992,17.999999988200827,95113.65833578292
3.0000000096999697,80.0000000019992,16.99999998830083,95200.78395339685
3.0000000096999697,81.00000000189918,15.999999988400845,95303.85004708891
3.0000000096999697,82.00000000179918,14.999999988500846,95423.09496242073
3.0000000096999697,83.00000000169916,13.999999988600862,95558.7749194974
3.0000000096999697,84.00000000159915,12.999999988700878,95711.16478710384
3.0000000096999697,85.00000000149915,11.99999998880088,95880.55891769635
3.0000000096999697,86.00000000139913,10.999999988900896,96067.27204778463
3.0000000096999697,87.00000000129913,9.999999989000898,96271.64026867559
3.0000000096999697,88.00000000119911,8.999999989100914,96494.02207303302
3.0000000096999697,89.0000000010991,7.99999998920093,96734.79948323853
3.0000000096999697,90.0000000009991,6.999999989300932,96994.37926813056
3.0000000096999697,91.00000000089908,5.999999989400948,97273.19425534864
3.0000000096999697,92.00000000079908,4.9999999895009495,97571.70474723661
3.0000000096999697,93.00000000069907,3.9999999896009513,97890.40004906351
3.0000000096999697,94.00000000059904,2.9999999897009815,98229.80011921546
3.0000000096999697,95.00000000049904,1.9999999898009833,98590.45735201155
3.0000000096999697,96.00000000039903,0.9999999899009993,98972.95850490958
4.00000000959996,1e-08,95.99999998040003,140587.4951184918
4.00000000959996,1.00000000989999,94.99999998050005,139044.67241709807
4.00000000959996,2.00000000979998,93.99999998060007,137545.47409407492
4.00000000959996,3.0000000096999697,92.99999998070007,136088.46898404084
4.00000000959996,4.00000000959996,91.99999998080008,134672.2921663902
4.00000000959996,5.000000009499949,90.99999998090009,133295.64139489355
4.00000000959996,6.0000000093999395,89.9999999810001,131957.2737604859
4.00000000959996,7.00000000929993,88.9999999811001,130656.00256996558
4.00000000959996,8.000000009199919,87.99999998120012,129390.69442478045
4.00000000959996,9.000000009099908,86.99999998130014,128160.26648540316
4.00000000959996,10.000000008999898,85.99999998140014,126963.6839079951
4.00000000959996,11.000000008899889,84.99999998150015,125799.95744114788
4.00000000959996,12.000000008799878,83.99999998160015,124668.14117148376
4.00000000959996,13.00000000869987,82.99999998170017,123567.33040779794
4.00000000959996,14.00000000859986,81.99999998180019,122496.65969424794
4.00000000959996,15.00000000849985,80.99999998190019,121455.30094384585
4.00000000959996,16.00000000839984,79.99999998200019,120442.46168419384
4.00000000959996,17.00000000829983,78.9999999821002,119457.38340803079
4.00000000959996,18.00000000819982,77.99999998220022,118499.34002172881
4.00000000959996,19.00000000809981,76.99999998230024,117567.63638540579
4.00000000959996,20.000000007999798,75.99999998240024,116661.60693879814
4.00000000959996,21.00000000789979,74.99999998250024,115780.61440748382
4.00000000959996,22.00000000779978,73.99999998260026,114924.04858444566
4.00000000959996,23.000000007699768,72.99999998270027,114091.32518234305
4.00000000959996,24.00000000759976,71.99999998280029,113281.88475220079
4.00000000959996,25.000000007499747,70.99999998290029,112495.19166453986
4.00000000959996,26.000000007399738,69.9999999830003,111730.7331492676
4.00000000959996,27.00000000729973,68.99999998310031,110988.01839091376
4.00000000959996,28.00000000719972,67.99999998320033,110266.57767604732
4.00000000959996,29.000000007099707,66.99999998330034,109565.96158993964
4.00000000959996,30.0000000069997,65.99999998340034,108885.74025975273
4.00000000959996,31.000000006899686,64.99999998350035,108225.50264172863
4.00000000959996,32.00000000679968,63.99999998360036,107584.85585004123
4.00000000959996,33.00000000669967,62.99999998370037,106963.42452514065
4.00000000959996,34.000000006599656,61.999999983800386,106360.8502395805
4.00000000959996,35.00000000649965,60.999999983900395,105776.7909394669
4.00000000959996,36.00000000639964,59.999999984000404,105210.92041980619
4.00000000959996,37.00000000629963,58.99999998410041,104662.92783215686
4.00000000959996,38.00000000619962,57.99999998420042,104132.51722311636
4.00000000959996,39.000000006099604,56.99999998430044,103619.40710228198
4.00000000959996,40.000000005999595,55.999999984400446,103123.33003843858
4.00000000959996,41.00000000589959,54.999999984500455,102644.03228282205
4.00000000959996,42.00000000579958,53.999999984600464,102181.27341840636
4.00000000959996,43.00000000569957,52.99999998470047,101734.82603425275
4.00000000959996,44.00000000559956,51.99999998480048,101304.47542404408
4.00000000959996,45.000000005499544,50.9999999849005,100890.0193080118
4.00000000959996,46.000000005399535,49.99999998500051,100491.2675775425
4.00000000959996,47.000000005299526,48.999999985100516,100108.04206182391
4.00000000959996,48.00000000519952,47.999999985200525,99740.17631596644
4.00000000959996,49.00000000509951,46.99999998530053,99387.51543010675
4.00000000959996,50.00000000499949,45.99999998540055,99049.91585906682
4.00000000959996,51.00000000489948,44.99999998550056,98727.24527221249
4.00000000959996,52.000000004799475,43.99999998560057,98419.38242321914
4.00000000959996,53.000000004699466,42.999999985700576,98126.2170395188
4.00000000959996,54.00000000459946,41.999999985800585,97847.64973126842
4.00000000959996,55.00000000449945,40.999999985900594,97583.59191974204
4.00000000959996,56.00000000439944,39.9999999860006,97333.96578511628
4.00000000959996,57.00000000429942,38.99999998610062,97098.70423368359
4.00000000959996,58.000000004199414,37.99999998620063,96877.7508845929
4.00000000959996,59.000000004099405,36.99999998630064,96671.06007628712
4.00000000959996,60.000000003999396,35.99999998640064,96478.5968928749
4.00000000959996,61.00000000389939,34.999999986500654,96300.33721074529
4.00000000959996,62.00000000379937,33.99999998660067,96136.26776580975
4.00000000959996,63.00000000369936,32.99999998670067,95986.3862418297
4.00000000959996,64.00000000359935,31.999999986800688,95850.70138037235
4.00000000959996,65.00000000349935,30.99999998690069,95729.2331130177
4.00000000959996,66.00000000339934,29.999999987000706,95622.01271653177
4.00000000959996,67.00000000329932,28.999999987100722,95529.08299181286
4.00000000959996,68.00000000319932,27.999999987200724,95450.49846751912
4.00000000959996,69.0000000030993,26.99999998730074,95386.3256293905
4.00000000959996,70.0000000029993,25.99999998740074,95336.64317639272
4.00000000959996,71.00000000289928,24.999999987500757,95301.5423049324
4.00000000959996,72.00000000279927,23.999999987600773,95281.12702252221
4.00000000959996,73.00000000269927,22.999999987700775,95275.5144924176
4.00000000959996,74.00000000259925,21.99999998780079,95284.83541089665
4.00000000959996,75.00000000249925,20.999999987900793,95309.23441902014
4.00000000959996,76.00000000239923,19.99999998800081,95348.87055088773
4.00000000959996,77.00000000229923,18.99999998810081,95403.91772059853
4.00000000959996,78.00000000219922,17.999999988200827,95474.56525033664
4.00000000959996,79.0000000020992,16.999999988300843,95561.0184422317
4.00000000959996,80.0000000019992,15.999999988400845,95663.49919689547
4.00000000959996,81.00000000189918,14.99999998850086,95782.24668181127
4.00000000959996,82.00000000179918,13.999999988600862,95917.51805305271
4.00000000959996,83.00000000169916,12.999999988700878,96069.58923414045
4.00000000959996,84.00000000159915,11.999999988800894,96238.755756208
4.00000000959996,85.00000000149915,10.999999988900896,96425.3336640465
4.00000000959996,86.00000000139913,9.999999989000912,96629.6604930409
4.00000000959996,87.00000000129913,8.999999989100914,96852.09632249508
4.00000000959996,88.00000000119911,7.99999998920093,97093.02491137944
4.00000000959996,89.0000000010991,6.999999989300946,97352.85492313227
4.00000000959996,90.0000000009991,5.999999989400948,97632.0212468022
4.00000000959996,91.00000000089908,4.999999989500964,97930.98642255148
4.00000000959996,92.00000000079908,3.9999999896009655,98250.24218035325
4.00000000959996,93.00000000069907,2.9999999897009673,98590.31110161793
4.00000000959996,94.00000000059904,1.9999999898009975,98951.74841449416
4.00000000959996,95.00000000049904,0.9999999899009993,99335.1439347118
5.000000009499949,1e-08,94.99999998050005,139817.11585682604
5.000000009499949,1.00000000989999,93.99999998060007,138304.40722990688
5.000000009499949,2.00000000979998,92.99999998070007,136834.31315200322
5.000000009499949,3.0000000096999697,91.99999998080008,135405.452479222
5.000000009499949,4.00000000959996,90.99999998090009,134016.50754517497
5.000000009499949,5.000000009499949,89.9999999810001,132666.22077693994
5.000000009499949,6.0000000093999395,88.9999999811001,131353.3915301455
5.000000009499949,7.00000000929993,87.99999998120012,130076.87312710658
5.000000009499949,8.000000009199919,86.99999998130014,128835.57008328395
5.000000009499949,9.000000009099908,85.99999998140014,127628.43550855726
5.000000009499949,10.000000008999898,84.99999998150015,126454.46867091215
5.000000009499949,11.000000008899889,83.99999998160015,125312.71271114657
5.000000009499949,12.000000008799878,82.99999998170017,124202.25249812043
5.000000009499949,13.00000000869987,81.99999998180019,123122.21261490721
5.000000009499949,14.00000000859986,80.99999998190019,122071.75546696893
5.000000009499949,15.00000000849985,79.9999999820002,121050.07950417264
5.000000009499949,16.00000000839984,78.9999999821002,120056.41754910052
5.000000009499949,17.00000000829983,77.99999998220022,119090.03522469202
5.000000009499949,18.00000000819982,76.99999998230024,118150.22947478436
5.000000009499949,19.00000000809981,75.99999998240024,117236.32717161094
5.000000009499949,20.000000007999798,74.99999998250026,116347.6838047629
5.000000009499949,21.00000000789979,73.99999998260026,115483.68224653255
5.000000009499949,22.00000000779978,72.99999998270027,114643.73158893453
5.000000009499949,23.000000007699768,71.99999998280029,113827.26604805113
5.000000009499949,24.00000000759976,70.99999998290029,113033.74393166657
5.000000009499949,25.000000007499747,69.99999998300031,112262.6466664549
5.000000009499949,26.000000007399738,68.99999998310031,111513.4778812548
5.000000009499949,27.00000000729973,67.99999998320033,110785.76254322227
5.000000009499949,28.00000000719972,66.99999998330033,110079.0461438809
5.000000009499949,29.000000007099707,65.99999998340034,109392.89393231072
5.000000009499949,30.0000000069997,64.99999998350035,108726.890192913
5.000000009499949,31.000000006899686,63.99999998360036,108080.6375653784
5.000000009499949,32.00000000679968,62.99999998370037,107453.75640465658
5.000000009499949,33.00000000669967,61.99999998380038,106845.88417888829
5.000000009499949,34.000000006599656,60.999999983900395,106256.67490341103
5.000000009499949,35.00000000649965,59.999999984000404,105685.79860908937
5.000000009499949,36.00000000639964,58.99999998410041,105132.94084335338
5.000000009499949,37.00000000629963,57.99999998420042,104597.80220245154
5.000000009499949,38.00000000619962,56.99999998430043,104080.09789353964
5.000000009499949,39.000000006099604,55.999999984400446,103579.55732533704
5.000000009499949,40.000000005999595,54.999999984500455,103095.92372618406
5.000000009499949,41.00000000589959,53.999999984600464,102628.95378843085
5.000000009499949,42.00000000579958,52.99999998470047,102178.41733818101
5.000000009499949,43.00000000569957,51.99999998480048,101744.09702950102
5.000000009499949,44.00000000559956,50.99999998490049,101325.7880622887
5.000000009499949,45.000000005499544,49.99999998500051,100923.29792307554
5.000000009499949,46.000000005399535,48.999999985100516,100536.44614811408
5.000000009499949,47.000000005299526,47.999999985200525,100165.06410817483
5.000000009499949,48.00000000519952,46.99999998530053,99808.99481455085
5.000000009499949,49.00000000509951,45.99999998540054,99468.09274583525
5.000000009499949,50.00000000499949,44.99999998550056,99142.22369510825
5.000000009499949,51.00000000489948,43.99999998560057,98831.26463723497
5.000000009499949,52.000000004799475,42.999999985700576,98535.10361604257
5.000000009499949,53.000000004699466,41.999999985800585,98253.63965121056
5.000000009499949,54.00000000459946,40.999999985900594,97986.78266477348
5.000000009499949,55.00000000449945,39.9999999860006,97734.45342720105
5.000000009499949,56.00000000439944,38.99999998610061,97496.58352308713
5.000000009499949,57.00000000429942,37.99999998620063,97273.11533654534
5.000000009499949,58.000000004199414,36.99999998630064,97064.00205647809
5.000000009499949,59.000000004099405,35.99999998640064,96869.20770195604
5.000000009499949,60.000000003999396,34.999999986500654,96688.70716801606
5.000000009499949,61.00000000389939,33.99999998660067,96522.48629226147
5.000000009499949,62.00000000379937,32.999999986700686,96370.54194272621
5.000000009499949,63.00000000369936,31.999999986800688,96232.88212754397
5.000000009499949,64.00000000359935,30.99999998690069,96109.52612705038
5.000000009499949,65.00000000349935,29.999999987000706,96000.50464903521
5.000000009499949,66.00000000339934,28.999999987100722,95905.8600079555
5.000000009499949,67.00000000329932,27.999999987200738,95825.64632902315
5.000000009499949,68.00000000319932,26.999999987300725,95759.92977818548
5.000000009499949,69.0000000030993,25.99999998740074,95708.78881913351
5.000000009499949,70.0000000029993,24.999999987500757,95672.31449859389
5.000000009499949,71.00000000289928,23.999999987600773,95650.61076129394
